{
    "_0_0_220_50_175_50_True": {
        "azimuth": 0,
        "AOI": 0,
        "wvl": 220,
        "radius": 50,
        "pitch": 175,
        "height": 50,
        "kappa": true,
        "abs pillar": [
            0.13752361018848464,
            0.137490461562828
        ],
        "abs film": [
            0.06832038813418784,
            0.06828226406264899
        ],
        "abs amino": [
            0.7138311463659505,
            0.7139023838938454
        ],
        "reflected flux": [
            0.08021819617623771,
            0.08021827091665279
        ],
        "mm": [
            [
                0.08021823359011575,
                3.985287106346436e-05,
                -2.922995605803002e-05,
                -3.737020754700443e-08
            ],
            [
                3.985287106346436e-05,
                0.08021814806309809,
                2.841440255087969e-08,
                -0.0001134339134143248
            ],
            [
                2.922995605802959e-05,
                -2.841440286698561e-08,
                -0.08021820782152478,
                -5.045758118496134e-05
            ],
            [
                -3.737020865476767e-08,
                -0.0001134339134143249,
                5.045758118496176e-05,
                -0.08021812229450712
            ]
        ],
        "dMM": [
            [
                0.9999999999999997,
                0.0004968056423067759,
                -0.0003643804500530871,
                -4.65856774383096e-07
            ],
            [
                0.0004968056423068518,
                0.9999989338207306,
                3.542137651156667e-07,
                -0.0014140664576825308
            ],
            [
                0.0003643804500530818,
                -3.54213769056199e-07,
                -0.9999996787689053,
                -0.0006290038925909597
            ],
            [
                -4.6585678819241673e-07,
                -0.0014140664576825332,
                0.0006290038925909652,
                -0.9999986125896362
            ]
        ]
    },
    "_1_0_220_50_175_50_True": {
        "azimuth": 1,
        "AOI": 0,
        "wvl": 220,
        "radius": 50,
        "pitch": 175,
        "height": 50,
        "kappa": true,
        "abs pillar": [
            0.1375266374172306,
            0.1374866536395155
        ],
        "abs film": [
            0.06832734443249797,
            0.06829765113450434
        ],
        "abs amino": [
            0.7138110067660227,
            0.7138807179191939
        ],
        "reflected flux": [
            0.08022834839111377,
            0.08022834743955613
        ],
        "mm": [
            [
                0.08022834795901096,
                3.827851939202515e-05,
                -1.91863615548354e-05,
                4.757788238211202e-10
            ],
            [
                3.827851939202515e-05,
                0.0802283440160812,
                -7.463161634521718e-09,
                1.626508350286628e-05
            ],
            [
                1.918636155483569e-05,
                7.463161508991436e-09,
                -0.08022833377535811,
                -2.847133239149852e-05
            ],
            [
                4.757806639730931e-10,
                1.626508350286675e-05,
                2.847133239149829e-05,
                -0.08022832983242835
            ]
        ],
        "dMM": [
            [
                0.9999999999999999,
                0.0004771196262397726,
                -0.0002391469105737762,
                5.930308125810228e-09
            ],
            [
                0.00047711962623979306,
                0.9999999508536587,
                -9.302399743213967e-08,
                0.00020273486762031027
            ],
            [
                0.00023914691057377985,
                9.302399586746461e-08,
                -0.9999998232089626,
                -0.0003548787070381546
            ],
            [
                5.9303310622218074e-09,
                0.00020273486762031605,
                0.0003548787070381517,
                -0.9999997740626214
            ]
        ]
    },
    "_2_0_220_50_175_50_True": {
        "azimuth": 2,
        "AOI": 0,
        "wvl": 220,
        "radius": 50,
        "pitch": 175,
        "height": 50,
        "kappa": true,
        "abs pillar": [
            0.13755631460925455,
            0.13750520403283567
        ],
        "abs film": [
            0.06831005196359181,
            0.06828232189362476
        ],
        "abs amino": [
            0.7137999043525886,
            0.7138787657609337
        ],
        "reflected flux": [
            0.08022707615507585,
            0.0802270865842876
        ],
        "mm": [
            [
                0.08022708141335705,
                1.992636833748895e-05,
                1.401264871245007e-05,
                -5.214605868277282e-09
            ],
            [
                1.992636833748895e-05,
                0.08022704945438705,
                1.931318702861071e-08,
                -7.022530904966554e-05
            ],
            [
                -1.401264871245004e-05,
                -1.931318716124421e-08,
                -0.08022706889132306,
                -4.015160981548495e-05
            ],
            [
                -5.214605669332959e-09,
                -7.022530904966547e-05,
                4.015160981548503e-05,
                -0.08022703693235306
            ]
        ],
        "dMM": [
            [
                1.0,
                0.00024837458856102586,
                0.00017466232680523645,
                -6.499807516877555e-08
            ],
            [
                0.0002483745885610117,
                0.9999996016436167,
                2.407315171930972e-07,
                -0.000875331718573196
            ],
            [
                -0.000174662326805236,
                -2.4073151884631494e-07,
                -0.9999998439176175,
                -0.0005004745169354114
            ],
            [
                -6.499807268898275e-08,
                -0.0008753317185731953,
                0.0005004745169354123,
                -0.9999994455612341
            ]
        ]
    },
    "_3_0_220_50_175_50_True": {
        "azimuth": 3,
        "AOI": 0,
        "wvl": 220,
        "radius": 50,
        "pitch": 175,
        "height": 50,
        "kappa": true,
        "abs pillar": [
            0.1375267904936559,
            0.13749189113314653
        ],
        "abs film": [
            0.06832153890324004,
            0.0682880096572871
        ],
        "abs amino": [
            0.713810828584836,
            0.713879280962951
        ],
        "reflected flux": [
            0.08023418332450807,
            0.08023419140273233
        ],
        "mm": [
            [
                0.08023418740729939,
                4.690853562074049e-05,
                5.255533237985219e-06,
                -4.039112132342846e-09
            ],
            [
                4.690853562074049e-05,
                0.08023418506320225,
                6.574377146956174e-09,
                -1.866903224820464e-05
            ],
            [
                -5.255533237984756e-06,
                -6.574376042243946e-09,
                -0.080234162008671,
                -4.330433234648467e-05
            ],
            [
                -4.039111617711039e-09,
                -1.866903224820479e-05,
                4.330433234648457e-05,
                -0.08023415966457387
            ]
        ],
        "dMM": [
            [
                1.0,
                0.0005846452383521968,
                6.550241745836e-05,
                -5.034153473552656e-08
            ],
            [
                0.0005846452383521317,
                0.99999997078431,
                8.193984832901369e-08,
                -0.0002326817638649906
            ],
            [
                -6.550241745835423e-05,
                -8.193983456043213e-08,
                -0.9999996834438137,
                -0.000539724196702563
            ],
            [
                -5.034152832144084e-08,
                -0.00023268176386499246,
                0.0005397241967025617,
                -0.9999996542281236
            ]
        ]
    },
    "_4_0_220_50_175_50_True": {
        "azimuth": 4,
        "AOI": 0,
        "wvl": 220,
        "radius": 50,
        "pitch": 175,
        "height": 50,
        "kappa": true,
        "abs pillar": [
            0.13760714024767076,
            0.13758309675514277
        ],
        "abs film": [
            0.06826321311522597,
            0.06822388224387521
        ],
        "abs amino": [
            0.7138482108305562,
            0.7139116524426979
        ],
        "reflected flux": [
            0.08017480115197598,
            0.08017477051585707
        ],
        "mm": [
            [
                0.08017478587756338,
                5.969223846435945e-05,
                1.70845817556099e-05,
                1.531805947399377e-08
            ],
            [
                5.969223846435945e-05,
                0.08017477599008074,
                2.298735802604512e-09,
                3.596623879886997e-05
            ],
            [
                -1.70845817556109e-05,
                -2.298738842507504e-09,
                -0.08017476161181593,
                -1.810629866307409e-05
            ],
            [
                1.5318060587012e-08,
                3.596623879887073e-05,
                1.810629866307353e-05,
                -0.08017475172433329
            ]
        ],
        "dMM": [
            [
                1.0000000000000004,
                0.0007445263222218998,
                0.0002130917041886478,
                1.9105831473481142e-07
            ],
            [
                0.00074452632222194,
                0.999999876675909,
                2.8671555245742377e-08,
                0.00044859787781403984
            ],
            [
                -0.00021309170418866034,
                -2.8671593161673734e-08,
                -0.9999996973394172,
                -0.00022583532297454709
            ],
            [
                1.9105832861720807e-07,
                0.00044859787781404933,
                0.00022583532297454004,
                -0.9999995740153258
            ]
        ]
    },
    "_5_0_220_50_175_50_True": {
        "azimuth": 5,
        "AOI": 0,
        "wvl": 220,
        "radius": 50,
        "pitch": 175,
        "height": 50,
        "kappa": true,
        "abs pillar": [
            0.13754805924683386,
            0.1375251171795156
        ],
        "abs film": [
            0.06829614157301209,
            0.06825066921960206
        ],
        "abs amino": [
            0.7138591211231087,
            0.7139275984743498
        ],
        "reflected flux": [
            0.08019002587945437,
            0.08019000616788055
        ],
        "mm": [
            [
                0.08019001606732261,
                4.472259964155567e-05,
                -2.235015139954465e-05,
                9.855786905512125e-09
            ],
            [
                4.472259964155567e-05,
                0.08019000118832188,
                -1.061839282933606e-08,
                4.343690730113824e-05
            ],
            [
                2.235015139954475e-05,
                1.061839322427873e-08,
                -0.08019000196107924,
                -1.619408649963094e-05
            ],
            [
                9.85578684199143e-09,
                4.343690730113819e-05,
                1.619408649963106e-05,
                -0.08018998708207851
            ]
        ],
        "dMM": [
            [
                1.0000000000000004,
                0.0005577078274183937,
                -0.00027871488865622413,
                1.22905411282587e-07
            ],
            [
                0.0005577078274182765,
                0.9999998144532022,
                -1.3241539720378633e-07,
                0.0005416747549304801
            ],
            [
                0.00027871488865622554,
                1.3241540212894368e-07,
                -0.9999998240897804,
                -0.0002019464179435208
            ],
            [
                1.2290541049044222e-07,
                0.0005416747549304794,
                0.00020194641794352226,
                -0.9999996385429821
            ]
        ]
    },
    "_6_0_220_50_175_50_True": {
        "azimuth": 6,
        "AOI": 0,
        "wvl": 220,
        "radius": 50,
        "pitch": 175,
        "height": 50,
        "kappa": true,
        "abs pillar": [
            0.13753618976997464,
            0.13751709780319654
        ],
        "abs film": [
            0.0683044743743365,
            0.06825640412196572
        ],
        "abs amino": [
            0.7138519795913343,
            0.7139191841875305
        ],
        "reflected flux": [
            0.08020070882094173,
            0.080200707246155
        ],
        "mm": [
            [
                0.08020070807720933,
                3.562961672841369e-05,
                -2.47110657466429e-05,
                7.873933716310091e-10
            ],
            [
                3.562961672841369e-05,
                0.08020070256736217,
                -7.417740496025568e-09,
                1.652726321742124e-05
            ],
            [
                2.471106574664308e-05,
                7.417740642841789e-09,
                -0.0802006979784057,
                -1.871877821808818e-05
            ],
            [
                7.873945583055335e-10,
                1.652726321742148e-05,
                1.871877821808801e-05,
                -0.08020069246855854
            ]
        ],
        "dMM": [
            [
                1.0000000000000002,
                0.0004442556379192035,
                -0.00030811530644908434,
                9.817785784060875e-09
            ],
            [
                0.00044425563791916883,
                0.9999999312992707,
                -9.248971329381982e-08,
                0.00020607378181138286
            ],
            [
                0.00030811530644908646,
                9.248971512448221e-08,
                -0.9999998740808671,
                -0.00023339916400821995
            ],
            [
                9.817800580351392e-09,
                0.00020607378181138592,
                0.00023339916400821786,
                -0.9999998053801376
            ]
        ]
    },
    "_7_0_220_50_175_50_True": {
        "azimuth": 7,
        "AOI": 0,
        "wvl": 220,
        "radius": 50,
        "pitch": 175,
        "height": 50,
        "kappa": true,
        "abs pillar": [
            0.1375011895591387,
            0.13747918870845816
        ],
        "abs film": [
            0.06834049827008606,
            0.06829714448294379
        ],
        "abs amino": [
            0.7138607549438428,
            0.7139261484225141
        ],
        "reflected flux": [
            0.08019089132953268,
            0.08019088943588029
        ],
        "mm": [
            [
                0.08019089042636211,
                3.271898540489759e-05,
                -5.58234697304207e-06,
                9.468261923972798e-10
            ],
            [
                3.271898540489759e-05,
                0.08019088924493271,
                -4.790423064972117e-09,
                1.258241347979358e-05
            ],
            [
                5.582346973042583e-06,
                4.790424301362393e-09,
                -0.08019087024348902,
                -4.654495346268977e-05
            ],
            [
                9.468270935522442e-10,
                1.258241347979341e-05,
                4.654495346268984e-05,
                -0.08019086906205962
            ]
        ],
        "dMM": [
            [
                0.9999999999999997,
                0.0004080137435927747,
                -6.961323092138797e-05,
                1.1807153996685953e-08
            ],
            [
                0.00040801374359284505,
                0.9999999852672863,
                -5.973774626397498e-08,
                0.00015690577087864847
            ],
            [
                6.961323092139436e-05,
                5.973776168206893e-08,
                -0.9999997483146401,
                -0.0005804269439486638
            ],
            [
                1.1807165234379311e-08,
                0.0001569057708786463,
                0.0005804269439486646,
                -0.9999997335819268
            ]
        ]
    },
    "_8_0_220_50_175_50_True": {
        "azimuth": 8,
        "AOI": 0,
        "wvl": 220,
        "radius": 50,
        "pitch": 175,
        "height": 50,
        "kappa": true,
        "abs pillar": [
            0.1375475446729071,
            0.13751771925107675
        ],
        "abs film": [
            0.06830277357191133,
            0.06826112188176256
        ],
        "abs amino": [
            0.7137934577362013,
            0.713864961049991
        ],
        "reflected flux": [
            0.08024955917657682,
            0.08024957529532112
        ],
        "mm": [
            [
                0.08024956727963654,
                3.118770410966143e-05,
                -1.362431778575885e-05,
                -8.059372150447854e-09
            ],
            [
                3.118770410966143e-05,
                0.0802495612630054,
                2.748554154180051e-09,
                -2.792923101559648e-05
            ],
            [
                1.362431778575842e-05,
                -2.748554685968511e-09,
                -0.08024955522836683,
                -3.10087931660179e-05
            ],
            [
                -8.059373839548441e-09,
                -2.792923101559671e-05,
                3.100879316601813e-05,
                -0.08024954921173569
            ]
        ],
        "dMM": [
            [
                1.0000000000000007,
                0.00038863392248573026,
                -0.00016977434580156363,
                -1.0042885492909924e-07
            ],
            [
                0.00038863392248569,
                0.9999999250259997,
                3.425008068397635e-08,
                -0.0003480296774470408
            ],
            [
                0.0001697743458015583,
                -3.4250087310631615e-08,
                -0.9999998498276057,
                -0.0003864044906057836
            ],
            [
                -1.0042887597720039e-07,
                -0.0003480296774470436,
                0.00038640449060578654,
                -0.9999997748536048
            ]
        ]
    },
    "_9_0_220_50_175_50_True": {
        "azimuth": 9,
        "AOI": 0,
        "wvl": 220,
        "radius": 50,
        "pitch": 175,
        "height": 50,
        "kappa": true,
        "abs pillar": [
            0.13750797841363271,
            0.13746878746327149
        ],
        "abs film": [
            0.0683334371057156,
            0.0683012050820152
        ],
        "abs amino": [
            0.7137450718418199,
            0.7138165511952409
        ],
        "reflected flux": [
            0.08030685258508924,
            0.08030683219375441
        ],
        "mm": [
            [
                0.08030684243314057,
                3.490016450171524e-05,
                -3.278106045795568e-05,
                1.019566741900177e-08
            ],
            [
                3.490016450171524e-05,
                0.0803068357310951,
                -7.557425746815158e-09,
                -1.357235769474526e-06
            ],
            [
                3.278106045795551e-05,
                7.557424747712692e-09,
                -0.08030681840072992,
                5.139953119196255e-05
            ],
            [
                1.019566726226933e-08,
                -1.357235769474879e-06,
                -5.139953119196251e-05,
                -0.08030681169868445
            ]
        ],
        "dMM": [
            [
                1.0,
                0.00043458519155161216,
                -0.0004081976014092142,
                1.2695888806099985e-07
            ],
            [
                0.00043458519155165136,
                0.9999999165445277,
                -9.410687206522614e-08,
                -1.6900624260062104e-05
            ],
            [
                0.00040819760140921215,
                9.410685962410048e-08,
                -0.9999997007426777,
                0.000640039249890201
            ],
            [
                1.269588861093142e-07,
                -1.690062426006651e-05,
                -0.0006400392498902006,
                -0.9999996172872053
            ]
        ]
    },
    "_10_0_220_50_175_50_True": {
        "azimuth": 10,
        "AOI": 0,
        "wvl": 220,
        "radius": 50,
        "pitch": 175,
        "height": 50,
        "kappa": true,
        "abs pillar": [
            0.13754625528152137,
            0.13752600743124166
        ],
        "abs film": [
            0.06832042935514532,
            0.06828548731441386
        ],
        "abs amino": [
            0.7137493794826584,
            0.7138046353691475
        ],
        "reflected flux": [
            0.08027728201299024,
            0.08027724563186198
        ],
        "mm": [
            [
                0.08027726386612877,
                3.676600480163883e-05,
                -3.500557631782382e-05,
                1.819056413928966e-08
            ],
            [
                3.676600480163883e-05,
                0.08027724739116868,
                2.276533949104932e-09,
                3.767941688294854e-05
            ],
            [
                3.500557631782366e-05,
                -2.276534416758598e-09,
                -0.08027724346673276,
                4.385744553267102e-05
            ],
            [
                1.819056432537602e-08,
                3.767941688294845e-05,
                -4.385744553267117e-05,
                -0.08027722699177267
            ]
        ],
        "dMM": [
            [
                1.0000000000000004,
                0.0004579877667847608,
                -0.00043605841345314777,
                2.2659671323153287e-07
            ],
            [
                0.0004579877667847532,
                0.9999997947742703,
                2.8358389903596206e-08,
                0.0004693659831977227
            ],
            [
                0.00043605841345314576,
                -2.83583957290289e-08,
                -0.9999997458882505,
                0.0005463246182107463
            ],
            [
                2.26596715549651e-07,
                0.00046936598319772155,
                -0.0005463246182107483,
                -0.9999995406625203
            ]
        ]
    },
    "_11_0_220_50_175_50_True": {
        "azimuth": 11,
        "AOI": 0,
        "wvl": 220,
        "radius": 50,
        "pitch": 175,
        "height": 50,
        "kappa": true,
        "abs pillar": [
            0.13750539621587857,
            0.1374628842584875
        ],
        "abs film": [
            0.06832599728998907,
            0.06829562469036939
        ],
        "abs amino": [
            0.7138125078467009,
            0.7138854175446643
        ],
        "reflected flux": [
            0.08024944613229032,
            0.08024945715042651
        ],
        "mm": [
            [
                0.08024945168504591,
                7.19545750934511e-05,
                -2.236638629777224e-05,
                -5.509068104808107e-09
            ],
            [
                7.19545750934511e-05,
                0.0802494485461425,
                -9.635005545014573e-09,
                -1.880208862485249e-06
            ],
            [
                2.236638629777226e-05,
                9.635006017286263e-09,
                -0.08024941244103075,
                -3.348371035198285e-05
            ],
            [
                -5.509069030419453e-09,
                -1.880208862485763e-06,
                3.348371035198298e-05,
                -0.08024940930212733
            ]
        ],
        "dMM": [
            [
                1.0000000000000002,
                0.0008966363455770608,
                -0.00027871076783868065,
                -6.86492927880676e-08
            ],
            [
                0.0008966363455771728,
                0.999999960885672,
                -1.2006319473470298e-07,
                -2.3429554009471425e-05
            ],
            [
                0.00027871076783868087,
                1.2006320061975333e-07,
                -0.9999995109746632,
                -0.00041724534746223537
            ],
            [
                -6.864930432223042e-08,
                -2.3429554009477822e-05,
                0.00041724534746223694,
                -0.9999994718603348
            ]
        ]
    },
    "_12_0_220_50_175_50_True": {
        "azimuth": 12,
        "AOI": 0,
        "wvl": 220,
        "radius": 50,
        "pitch": 175,
        "height": 50,
        "kappa": true,
        "abs pillar": [
            0.13755774347381103,
            0.13752790150702307
        ],
        "abs film": [
            0.06830478680264247,
            0.06827572312488765
        ],
        "abs amino": [
            0.7137778071893426,
            0.7138367617258402
        ],
        "reflected flux": [
            0.08025302201910287,
            0.08025299998716802
        ],
        "mm": [
            [
                0.08025301104682488,
                5.917278553839445e-05,
                4.751176774445277e-06,
                1.101596743491625e-08
            ],
            [
                5.917278553839445e-05,
                0.08025300597555511,
                -2.066289651448331e-09,
                2.813175261891242e-05
            ],
            [
                -4.751176774446268e-06,
                2.066287241536258e-09,
                -0.08025298627569577,
                -2.178293155112263e-05
            ],
            [
                1.101596667798897e-08,
                2.813175261891246e-05,
                2.178293155112218e-05,
                -0.080252981204426
            ]
        ],
        "dMM": [
            [
                1.0,
                0.0007373279178754435,
                5.920247368255296e-05,
                1.3726547192710556e-07
            ],
            [
                0.0007373279178754626,
                0.9999999368089783,
                -2.5747191594383193e-08,
                0.0003505382820153442
            ],
            [
                -5.9202473682565306e-05,
                2.5747161565444795e-08,
                -0.9999996913370754,
                -0.00027142821517828485
            ],
            [
                1.3726546249543154e-07,
                0.00035053828201534474,
                0.0002714282151782793,
                -0.9999996281460537
            ]
        ]
    },
    "_13_0_220_50_175_50_True": {
        "azimuth": 13,
        "AOI": 0,
        "wvl": 220,
        "radius": 50,
        "pitch": 175,
        "height": 50,
        "kappa": true,
        "abs pillar": [
            0.13752890894060238,
            0.13750081288917626
        ],
        "abs film": [
            0.06829765074482806,
            0.06825803845958855
        ],
        "abs amino": [
            0.7138410048054672,
            0.7139087594768289
        ],
        "reflected flux": [
            0.08022579265545192,
            0.08022578982834538
        ],
        "mm": [
            [
                0.08022579128557326,
                5.593487028612842e-05,
                5.772951816422897e-06,
                1.413553276741369e-09
            ],
            [
                5.593487028612842e-05,
                0.08022579093657,
                2.215664818934982e-09,
                4.761422686137995e-06
            ],
            [
                -5.772951816423228e-06,
                -2.215665854206602e-09,
                -0.08022577149405409,
                6.846200433199112e-06
            ],
            [
                1.413552569587866e-09,
                4.761422686137705e-06,
                -6.846200433199168e-06,
                -0.08022577114505082
            ]
        ],
        "dMM": [
            [
                0.9999999999999999,
                0.0006972180565602404,
                7.195880182562971e-05,
                1.7619686313966014e-08
            ],
            [
                0.0006972180565601095,
                0.9999999956497372,
                2.7617861830098183e-08,
                5.9350273893705126e-05
            ],
            [
                -7.195880182563382e-05,
                -2.7617874734570463e-08,
                -0.9999997533022877,
                8.53366520104367e-05
            ],
            [
                1.7619677499417036e-08,
                5.935027389370151e-05,
                -8.53366520104374e-05,
                -0.999999748952025
            ]
        ]
    },
    "_14_0_220_50_175_50_True": {
        "azimuth": 14,
        "AOI": 0,
        "wvl": 220,
        "radius": 50,
        "pitch": 175,
        "height": 50,
        "kappa": true,
        "abs pillar": [
            0.13751804851110783,
            0.13749142120597155
        ],
        "abs film": [
            0.06832326341166595,
            0.06828333881408094
        ],
        "abs amino": [
            0.7138929543610385,
            0.7139594919409856
        ],
        "reflected flux": [
            0.08015907515720486,
            0.08015913118494454
        ],
        "mm": [
            [
                0.080159103214713,
                4.770202740447815e-05,
                -3.199207670155851e-05,
                -2.801386985876669e-08
            ],
            [
                4.770202740447815e-05,
                0.08015907896156466,
                1.070471306230034e-08,
                -5.352314250601682e-05
            ],
            [
                3.199207670155849e-05,
                -1.070471311963769e-08,
                -0.08015906613219595,
                -6.057653781604137e-05
            ],
            [
                -2.801386988453682e-08,
                -5.35231425060168e-05,
                6.05765378160414e-05,
                -0.0801590418790476
            ]
        ],
        "dMM": [
            [
                0.9999999999999999,
                0.0005950918297664593,
                -0.00039910721825149424,
                -3.4947833415410247e-07
            ],
            [
                0.0005950918297664877,
                0.9999996974373792,
                1.335433236276168e-07,
                -0.0006677113435594521
            ],
            [
                0.0003991072182514939,
                -1.335433243428951e-07,
                -0.9999995373885735,
                -0.0007557037864280856
            ],
            [
                -3.494783344756191e-07,
                -0.0006677113435594519,
                0.0007557037864280859,
                -0.9999992348259528
            ]
        ]
    },
    "_15_0_220_50_175_50_True": {
        "azimuth": 15,
        "AOI": 0,
        "wvl": 220,
        "radius": 50,
        "pitch": 175,
        "height": 50,
        "kappa": true,
        "abs pillar": [
            0.13753576054752012,
            0.13750452214631353
        ],
        "abs film": [
            0.06831241881460906,
            0.06827620576599247
        ],
        "abs amino": [
            0.7138621629522235,
            0.7139295792707117
        ],
        "reflected flux": [
            0.08018299457698014,
            0.08018306727277086
        ],
        "mm": [
            [
                0.08018303096852683,
                6.197868265562373e-05,
                -4.537929096577365e-05,
                -3.634789537593669e-08
            ],
            [
                6.197868265562373e-05,
                0.08018299746942997,
                3.493790050528663e-10,
                -5.75572388965079e-05
            ],
            [
                4.53792909657734e-05,
                -3.49379964060181e-10,
                -0.08018299152592466,
                -4.983868780846281e-05
            ],
            [
                -3.634789499743494e-08,
                -5.755723889650746e-05,
                4.983868780846304e-05,
                -0.0801829580268278
            ]
        ],
        "dMM": [
            [
                0.9999999999999994,
                0.0007729650763631403,
                -0.0005659463157932478,
                -4.5331156651095933e-07
            ],
            [
                0.0007729650763630886,
                0.9999995822171288,
                4.357268624434061e-09,
                -0.0007178231877901954
            ],
            [
                0.0005659463157932446,
                -4.35728058460664e-09,
                -0.9999995080929003,
                -0.0006215615349838817
            ],
            [
                -4.5331156179049395e-07,
                -0.00071782318779019,
                0.0006215615349838846,
                -0.9999990903100295
            ]
        ]
    },
    "_16_0_220_50_175_50_True": {
        "azimuth": 16,
        "AOI": 0,
        "wvl": 220,
        "radius": 50,
        "pitch": 175,
        "height": 50,
        "kappa": true,
        "abs pillar": [
            0.13755099741281307,
            0.13751061704069661
        ],
        "abs film": [
            0.06831380043225954,
            0.06827899450447596
        ],
        "abs amino": [
            0.7138210591932557,
            0.7138962239288178
        ],
        "reflected flux": [
            0.08020748051791926,
            0.08020754111530756
        ],
        "mm": [
            [
                0.08020751086027808,
                7.67931701650057e-05,
                -4.213893285902724e-05,
                -3.029869416693926e-08
            ],
            [
                7.67931701650057e-05,
                0.08020749224307075,
                -8.908370266054433e-09,
                -3.479638938029679e-05
            ],
            [
                4.213893285902706e-05,
                8.908369959990936e-09,
                -0.0802074572878002,
                -5.192913781321482e-05
            ],
            [
                -3.029869425304186e-08,
                -3.479638938029673e-05,
                5.192913781321492e-05,
                -0.08020743867059286
            ]
        ],
        "dMM": [
            [
                0.9999999999999998,
                0.0009574311600166924,
                -0.0005253739008611484,
                -3.7775382681708405e-07
            ],
            [
                0.0009574311600166345,
                0.9999997678869825,
                -1.1106653442442479e-07,
                -0.0004338295629309862
            ],
            [
                0.0005253739008611461,
                1.1106653060845578e-07,
                -0.9999993320765431,
                -0.0006474348506297906
            ],
            [
                -3.7775382789052075e-07,
                -0.00043382956293098546,
                0.0006474348506297917,
                -0.999999099963526
            ]
        ]
    },
    "_17_0_220_50_175_50_True": {
        "azimuth": 17,
        "AOI": 0,
        "wvl": 220,
        "radius": 50,
        "pitch": 175,
        "height": 50,
        "kappa": true,
        "abs pillar": [
            0.13755014133464383,
            0.13750548488614883
        ],
        "abs film": [
            0.06830276322348243,
            0.06827244258273843
        ],
        "abs amino": [
            0.7138149550117079,
            0.713889873571414
        ],
        "reflected flux": [
            0.08022548539302472,
            0.08022558138960889
        ],
        "mm": [
            [
                0.08022553343499131,
                7.171818072088804e-05,
                -6.000631883169838e-05,
                -4.799829210788866e-08
            ],
            [
                7.171818072088804e-05,
                0.0802254922814788,
                -5.356857735308107e-09,
                -5.479381957024062e-05
            ],
            [
                6.000631883169842e-05,
                5.356857420371093e-09,
                -0.08022547675618547,
                -6.285437036545123e-05
            ],
            [
                -4.799829162895251e-08,
                -5.479381957024029e-05,
                6.285437036545115e-05,
                -0.08022543560267295
            ]
        ],
        "dMM": [
            [
                1.0000000000000002,
                0.0008939570439753255,
                -0.0007479703314197712,
                -5.982919658214456e-07
            ],
            [
                0.0008939570439753491,
                0.9999994870272503,
                -6.677247885989953e-08,
                -0.0006829972606494588
            ],
            [
                0.0007479703314197719,
                6.677247493416827e-08,
                -0.9999992935066508,
                -0.000783470893545191
            ],
            [
                -5.982919598515354e-07,
                -0.0006829972606494546,
                0.0007834708935451902,
                -0.9999987805339007
            ]
        ]
    },
    "_18_0_220_50_175_50_True": {
        "azimuth": 18,
        "AOI": 0,
        "wvl": 220,
        "radius": 50,
        "pitch": 175,
        "height": 50,
        "kappa": true,
        "abs pillar": [
            0.13752695153705577,
            0.1374938339347433
        ],
        "abs film": [
            0.06830221920854473,
            0.06826850640940621
        ],
        "abs amino": [
            0.7138552368795563,
            0.7139220308715725
        ],
        "reflected flux": [
            0.08020894098906994,
            0.08020901956153474
        ],
        "mm": [
            [
                0.08020898031896784,
                6.947764301839382e-05,
                -4.788372086602082e-05,
                -3.928623241834599e-08
            ],
            [
                6.947764301839382e-05,
                0.0802089541967898,
                -2.162237376796548e-09,
                -4.356160663024285e-05
            ],
            [
                4.788372086602074e-05,
                2.162236991061131e-09,
                -0.08020892105578856,
                -6.84085551568153e-05
            ],
            [
                -3.928623221276093e-08,
                -4.35616066302426e-05,
                6.840855515681535e-05,
                -0.08020889493361053
            ]
        ],
        "dMM": [
            [
                0.9999999999999999,
                0.0008662077829951885,
                -0.0005969870290783049,
                -4.897984273346205e-07
            ],
            [
                0.0008662077829952353,
                0.9999996743235242,
                -2.6957547249635727e-08,
                -0.000543101364174074
            ],
            [
                0.0005969870290783039,
                2.69575424405578e-08,
                -0.9999992611403483,
                -0.0008528790028843323
            ],
            [
                -4.897984247716174e-07,
                -0.0005431013641740707,
                0.0008528790028843327,
                -0.9999989354638726
            ]
        ]
    },
