azi,aoi,wvl,pitch,mm,dmm,reflected flux
0,60,4000,7560,"[[0.6572115634359108, 0.04235704092076747, -0.01770380996176251, 0.001014129675369337], [0.0423675811092496, 0.6568197914216005, -0.002131993158340485, -0.01402479886688681], [0.01765227670634766, 0.0016619750128279, -0.6443076252368823, 0.1224540388298127], [0.001399092476544289, -0.01405650040569474, -0.1224541971763078, -0.6439159950662497]]","[[ 1.          0.06444963 -0.02693776  0.00154308]
 [ 0.06446567  0.99940389 -0.003244   -0.02133985]
 [ 0.02685935  0.00252883 -0.98036563  0.18632362]
 [ 0.00212883 -0.02138809 -0.18632386 -0.97976973]]","[0.6148545221804187, 0.6995686039758355]"
0,60,4070,7560,"[[0.7760899222844324, -0.05940250862082491, -0.01246742492159134, 0.001765065900017725], [-0.05940076487700791, 0.7758893976164236, -0.0008965402031209805, -0.01231450564429807], [0.01247880953872562, 0.0006604960713910537, -0.7577222177266166, 0.1569735088959398], [0.001743162865805864, -0.01233781751415258, -0.1569714335874522, -0.7575217113802525]]","[[ 1.00000000e+00 -7.65407550e-02 -1.60644077e-02  2.27430591e-03]
 [-7.65385082e-02  9.99741622e-01 -1.15520145e-03 -1.58673696e-02]
 [ 1.60790769e-02  8.51056111e-04 -9.76333020e-01  2.02262012e-01]
 [ 2.24608362e-03 -1.58974072e-02 -2.02259338e-01 -9.76074666e-01]]","[0.835492430450418, 0.7166874132734462]"
0,60,4140,7560,"[[0.8110309782207008, -0.08849173334959498, -0.01091341866140597, 0.002054675812178735], [-0.08849198498107808, 0.8108387352699606, -0.001000576910988735, -0.01369350212276642], [0.01092719298222441, 0.0009297012150671045, -0.7851329803396412, 0.1830351844535711], [0.001968836820556845, -0.01369687101188419, -0.1830339889161454, -0.7849407412710803]]","[[ 1.         -0.10911018 -0.01345623  0.00253341]
 [-0.10911049  0.99976296 -0.00123371 -0.01688407]
 [ 0.01347321  0.00114632 -0.96806781  0.22568211]
 [ 0.00242757 -0.01688822 -0.22568064 -0.96783078]]","[0.8995227110805994, 0.7225392444777581]"
0,60,4210,7560,"[[0.8189502569324422, -0.1043945314781084, -0.01137537612874865, 0.002497056527624408], [-0.1043954434887914, 0.818682531816849, -0.001287897415726397, -0.01735893698440837], [0.0113839972480268, 0.001296872197073983, -0.790149386260749, 0.1882485897992755], [0.00241840057515498, -0.01735278296985494, -0.1882481302639827, -0.7898816630929372]]","[[ 1.         -0.12747359 -0.01389019  0.00304909]
 [-0.12747471  0.99967309 -0.00157262 -0.02119657]
 [ 0.01390072  0.00158358 -0.96483197  0.22986572]
 [ 0.00295305 -0.02118906 -0.22986516 -0.96450506]]","[0.9233447879078855, 0.7145557250653329]"
0,60,4280,7560,"[[0.820584375926356, -0.1126665285633048, -0.02380122697510888, 0.01007473425311432], [-0.1126641602306857, 0.8163828400893021, -0.01308447155903044, -0.0777048305601487], [0.02385002991651807, 0.01263657753263096, -0.7572747475264534, 0.2948577119123335], [0.00998540969580531, -0.07778235439122852, -0.2948342321516237, -0.7530732779642779]]","[[ 1.         -0.13730036 -0.02900522  0.01227751]
 [-0.13729747  0.99487982 -0.01594531 -0.0946945 ]
 [ 0.02906469  0.01539949 -0.92284812  0.3593265 ]
 [ 0.01216866 -0.09478898 -0.35929789 -0.91772802]]","[0.9332509039816023, 0.7079178469776635]"
0,60,4350,7560,"[[0.8687206466452606, -0.07363704218570305, 0.001435235265663808, -0.001832307169912287], [-0.07363275418656973, 0.8678059607164423, 0.005889845363927124, 0.03934002328124946], [-0.001413810115488224, -0.00576262890528201, -0.8275689847358707, 0.2536653250770605], [-0.002012432247125349, 0.03936688089040636, -0.2536625234463398, -0.8266543131487387]]","[[ 1.         -0.08476493  0.00165213 -0.0021092 ]
 [-0.08475999  0.99894709  0.00677991  0.04528501]
 [-0.00162746 -0.00663347 -0.95262958  0.29199873]
 [-0.00231655  0.04531593 -0.2919955  -0.95157669]]","[0.9423576883179476, 0.7950836040267163]"
0,60,4420,7560,"[[0.8732659476120965, -0.0787748595476993, 0.005365483268716834, -0.001356725705171129], [-0.07877320380908842, 0.8731177028115282, 0.001881379532988258, 0.01498208040520821], [-0.005349807549699615, -0.001772029360174654, -0.8369304844406513, 0.2364955648917111], [-0.001506496909626434, 0.01500410252476084, -0.236495075387298, -0.8367822496950259]]","[[ 1.         -0.09020718  0.00614416 -0.00155362]
 [-0.09020529  0.99983024  0.00215442  0.01715638]
 [-0.00612621 -0.0020292  -0.9583913   0.27081734]
 [-0.00172513  0.0171816  -0.27081678 -0.95822155]]","[0.9520408066415079, 0.7944910876318794]"
0,60,4490,7560,"[[0.8724280282070684, -0.08268612918391416, 0.005859387129472559, -0.001101584702127647], [-0.08268506478078841, 0.8723682687830395, 0.0008632190576577884, 0.008234133021136182], [-0.005845700182983133, -0.000753935679182752, -0.838451314053058, 0.2264754297706193], [-0.001244876449863266, 0.008255525201868563, -0.2264753932959544, -0.8383915641202057]]","[[ 1.00000000e+00 -9.47770206e-02  6.71618396e-03 -1.26266542e-03]
 [-9.47758005e-02  9.99931502e-01  9.89444435e-04  9.43818029e-03]
 [-6.70049562e-03 -8.64180947e-04 -9.61054995e-01  2.59592107e-01]
 [-1.42691020e-03  9.46270057e-03 -2.59592065e-01 -9.60986508e-01]]","[0.9551141568710213, 0.7897418985932217]"
0,60,4560,7560,"[[0.8687522389182798, -0.08816877530731365, 0.006559259637453531, -0.001051297041937359], [-0.08816789023881738, 0.868708562369733, 0.0004285018958479297, 0.00560513110206802], [-0.006546684697934561, -0.0003206253135942957, -0.8366753547129958, 0.2166326329750329], [-0.001194195107659519, 0.005626222354458919, -0.2166328268357998, -0.8366316875632752]]","[[ 1.00000000e+00 -1.01488976e-01  7.55020746e-03 -1.21012297e-03]
 [-1.01487957e-01  9.99949725e-01  4.93238321e-04  6.45193284e-03]
 [-7.53573275e-03 -3.69064158e-04 -9.63077063e-01  2.49360661e-01]
 [-1.37460953e-03  6.47621048e-03 -2.49360885e-01 -9.63026799e-01]]","[0.9569210137046489, 0.7805834631860192]"
0,60,4630,7560,"[[0.8593389664471924, -0.09877199356756056, 0.008345660063635124, -0.001245206792094346], [-0.09877100930952748, 0.8592795307019327, 0.0002246468411968901, 0.005540928609153541], [-0.00833367071959697, -0.0001247855622240265, -0.8295112637130614, 0.2015362246067739], [-0.001394613737786182, 0.005561584118388758, -0.2015366341592029, -0.8294518375292909]]","[[ 1.00000000e+00 -1.14939503e-01  9.71172074e-03 -1.44902866e-03]
 [-1.14938357e-01  9.99930836e-01  2.61418195e-04  6.44789638e-03]
 [-9.69776892e-03 -1.45211107e-04 -9.65289945e-01  2.34524713e-01]
 [-1.62289131e-03  6.47193289e-03 -2.34525190e-01 -9.65220792e-01]]","[0.9581109594931608, 0.7605669724655829]"
0,60,4700,7560,"[[0.8416186520931641, -0.1175228876031899, 0.01046837771067457, -0.002268664868073859], [-0.1175204023619005, 0.8411966297202026, 0.000745200460570996, 0.02437852463325543], [-0.0104581852239914, -0.0007437652017973587, -0.8271817413397741, 0.10136458905332], [-0.002438088039155625, 0.02439054611184992, -0.1013656306181313, -0.8267597275698583]]","[[ 1.00000000e+00 -1.39639120e-01  1.24383861e-02 -2.69559718e-03]
 [-1.39636167e-01  9.99498559e-01  8.85437197e-04  2.89662362e-02]
 [-1.24262755e-02 -8.83731842e-04 -9.82846256e-01  1.20440046e-01]
 [-2.89690352e-03  2.89805199e-02 -1.20441283e-01 -9.82344825e-01]]","[0.9591415391742002, 0.7240957640957785]"
0,60,4770,7560,"[[0.9184646836216568, -0.04276296153754827, -0.003104152547808974, 0.001200261195335279], [-0.04276441933346103, 0.9181374094524395, -0.004304458280829357, -0.02390799771187781], [0.00311313419294303, 0.004538647148400216, -0.8546052747310314, 0.3337312458839522], [0.001122543543722999, -0.0238620350405954, -0.3337342649393946, -0.8542780177342045]]","[[ 1.         -0.04655918 -0.00337972  0.00130681]
 [-0.04656077  0.99964367 -0.00468658 -0.02603039]
 [ 0.0033895   0.00494156 -0.93047157  0.36335773]
 [ 0.0012222  -0.02598035 -0.36336102 -0.93011526]]","[0.9612276446359163, 0.8757017216073802]"
0,60,4840,7560,"[[0.9205418077352112, -0.04164617268346049, -0.004108357597634614, 0.000994189398592216], [-0.0416471716931256, 0.9204320036552779, -0.001915973330239703, -0.01344216046194201], [0.004116506447368686, 0.002095418220440751, -0.8755999017178008, 0.281037926326875], [0.0009155209025569697, -0.01341225720422045, -0.2810390877345093, -0.8754901083250942]]","[[ 1.00000000e+00 -4.52409356e-02 -4.46297774e-03  1.08000461e-03]
 [-4.52420209e-02  9.99880718e-01 -2.08135395e-03 -1.46024443e-02]
 [ 4.47182997e-03  2.27628795e-03 -9.51178854e-01  3.05296211e-01]
 [ 9.94545707e-04 -1.45699599e-02 -3.05297473e-01 -9.51059584e-01]]","[0.9621879798948602, 0.8788956345732839]"
0,60,4910,7560,"[[0.9205379530571987, -0.04237255216422964, -0.004193548198873598, 0.0008806030866103905], [-0.04237336089493604, 0.9204725540851042, -0.001266836925221748, -0.01002509587569491], [0.004201199809059211, 0.001425862199221697, -0.881999954013437, 0.2601307875870404], [0.0008016806313274451, -0.01000029016972368, -0.2601314871839444, -0.8819345637842751]]","[[ 1.00000000e+00 -4.60302066e-02 -4.55554080e-03  9.56617903e-04]
 [-4.60310851e-02  9.99928956e-01 -1.37619195e-03 -1.08904753e-02]
 [ 4.56385290e-03  1.54894450e-03 -9.58135350e-01  2.82585619e-01]
 [ 8.70882758e-04 -1.08635284e-02 -2.82586379e-01 -9.58064315e-01]]","[0.962910504697223, 0.8781654004148989]"
0,60,4980,7560,"[[0.9204497141903825, -0.04308929542011125, -0.0041896967096682, 0.0008105911800327329], [-0.04308999588782764, 0.920402088905633, -0.0009587626383389541, -0.00828260917454489], [0.004196931428907133, 0.001105674913851969, -0.8855815043701806, 0.2472136104477796], [0.0007321320576397644, -0.008260626956135305, -0.2472141011490748, -0.885533886765194]]","[[ 1.00000000e+00 -4.68133074e-02 -4.55179316e-03  8.80646892e-04]
 [-4.68140684e-02  9.99948259e-01 -1.04162414e-03 -8.99843745e-03]
 [ 4.55965314e-03  1.20123337e-03 -9.62118289e-01  2.68579159e-01]
 [ 7.95406904e-04 -8.97455540e-03 -2.68579692e-01 -9.62066556e-01]]","[0.9635390090859469, 0.8773604182926403]"
0,60,5050,7560,"[[0.9203335208303507, -0.04375855699958181, -0.00418074795613553, 0.0007630205000288075], [-0.04375918568837195, 0.9202951521961302, -0.0007762723559788188, -0.007212071629413732], [0.004187596374148006, 0.0009144961882565051, -0.8880332321918316, 0.2376859179307656], [0.0006854698677933478, -0.007192026922665836, -0.2376862889970271, -0.8879948705032326]]","[[ 1.00000000e+00 -4.75464123e-02 -4.54264445e-03  8.29069552e-04]
 [-4.75470954e-02  9.99958310e-01 -8.43468524e-04 -7.83636743e-03]
 [ 4.55008568e-03  9.93657373e-04 -9.64903714e-01  2.58260633e-01]
 [ 7.44805934e-04 -7.81458760e-03 -2.58261036e-01 -9.64862031e-01]]","[0.9640920773050846, 0.8765749633535654]"
0,60,5120,7560,"[[0.9201978970452792, -0.04439547937649124, -0.004185648317738007, 0.0007291663635536835], [-0.04439605630982502, 0.9201650429450111, -0.0006541555526311301, -0.006483474411482428], [0.00419212155399736, 0.00078551633817893, -0.8898893707209868, 0.2299761390385365], [0.0006528594836052374, -0.006464912777226075, -0.2299764322973532, -0.8898565229957746]]","[[ 1.00000000e+00 -4.82455780e-02 -4.54863930e-03  7.92401684e-04]
 [-4.82462049e-02  9.99964297e-01 -7.10885729e-04 -7.04573922e-03]
 [ 4.55567391e-03  8.53638484e-04 -9.67063035e-01  2.49920305e-01]
 [ 7.09477261e-04 -7.02556787e-03 -2.49920624e-01 -9.67027338e-01]]","[0.9645933758966492, 0.8758024171920047]"
0,60,5190,7560,"[[0.9200118820748272, -0.04503390381477368, -0.004210993502344733, 0.000704942374154928], [-0.04503444165559189, 0.9199825435139477, -0.0005659088622411448, -0.005956640667160784], [0.004217089832134899, 0.0006915589172441332, -0.891345656905214, 0.2233736930911262], [0.0006301753269967944, -0.005939286548854093, -0.2233739317505263, -0.8913163242455421]]","[[ 1.00000000e+00 -4.89492633e-02 -4.57710774e-03  7.66231815e-04]
 [-4.89498479e-02  9.99968111e-01 -6.15110384e-04 -6.47452580e-03]
 [ 4.58373410e-03  7.51684767e-04 -9.68841462e-01  2.42794357e-01]
 [ 6.84964335e-04 -6.45566287e-03 -2.42794616e-01 -9.68809579e-01]]","[0.9650457853642332, 0.8749779777837192]"
0,60,5260,7560,"[[0.9197420724160428, -0.04570623664229573, -0.004261567782641095, 0.0006883819658127471], [-0.04570674440751016, 0.9197150048071134, -0.0004987928002638154, -0.005563496848723945], [0.004267273837792861, 0.0006195713515702692, -0.8924859320678373, 0.2174959118990728], [0.0006154570320200275, -0.005547162017801826, -0.217496110542627, -0.8924588699509879]]","[[ 1.00000000e+00 -4.96946242e-02 -4.63343791e-03  7.48451100e-04]
 [-4.96951763e-02  9.99970570e-01 -5.42318129e-04 -6.04897505e-03]
 [ 4.63964188e-03  6.73635979e-04 -9.70365452e-01  2.36474897e-01]
 [ 6.69162639e-04 -6.03121482e-03 -2.36475113e-01 -9.70336029e-01]]","[0.9654483085327528, 0.8740358352979251]"
0,60,5330,7560,"[[0.9193469152268512, -0.04644906718612124, -0.004343520873713763, 0.0006787588352872007], [-0.04644955211667484, 0.9193212168391276, -0.0004460408650200959, -0.005269726401038953], [0.004348809361609047, 0.0005626528002302005, -0.8933380485407753, 0.2121028863584342], [0.0006080254060166408, -0.005254268858992706, -0.2121030552774192, -0.8933123552840659]]","[[ 1.00000000e+00 -5.05239822e-02 -4.72457220e-03  7.38305447e-04]
 [-5.05245097e-02  9.99972047e-01 -4.85171438e-04 -5.73203250e-03]
 [ 4.73032464e-03  6.12013584e-04 -9.71709410e-01  2.30710391e-01]
 [ 6.61366668e-04 -5.71521889e-03 -2.30710575e-01 -9.71681463e-01]]","[0.9657959818871972, 0.8728978475655278]"
0,60,5400,7560,"[[0.9187656471305565, -0.04731257518052812, -0.004466740206303048, 0.0006763654033293013], [-0.04731304396038294, 0.918740535202235, -0.0004039588851230112, -0.005061152152894436], [0.00447156328863597, 0.0005170945561545383, -0.8938881656820394, 0.2070147339776833], [0.0006082774047613416, -0.005046454055236039, -0.2070148815367544, -0.8938630585632124]]","[[ 1.00000000e+00 -5.14958034e-02 -4.86167525e-03  7.36167493e-04]
 [-5.14963137e-02  9.99972668e-01 -4.39675652e-04 -5.50864322e-03]
 [ 4.86692477e-03  5.62814421e-04 -9.72922930e-01  2.25318322e-01]
 [ 6.62059369e-04 -5.49264556e-03 -2.25318483e-01 -9.72895603e-01]]","[0.9660782217851552, 0.8714530714756131]"
0,60,5470,7560,"[[0.9178950650904917, -0.04837939580524464, -0.004648625624577567, 0.0006827753298422391], [-0.0483798557968399, 0.9178696857481158, -0.0003708815455003458, -0.00494181698429156], [0.00465289999373207, 0.000481356134438846, -0.8940713230549607, 0.2020559223136615], [0.0006179931669082969, -0.00492776785739347, -0.2020560569111394, -0.8940459482384947]]","[[ 1.00000000e+00 -5.27068917e-02 -5.06444124e-03  7.43849004e-04]
 [-5.27073929e-02  9.99972350e-01 -4.04056585e-04 -5.38385832e-03]
 [ 5.06909795e-03  5.24413032e-04 -9.74045244e-01  2.20129653e-01]
 [ 6.73272131e-04 -5.36855251e-03 -2.20129800e-01 -9.74017600e-01]]","[0.9662744603697002, 0.8695156688118861]"
0,60,5540,7560,"[[0.9165292414537983, -0.04981355834054835, -0.004922487857884754, 0.0007019284840887436], [-0.04981401965666488, 0.9165023682857447, -0.0003474152256544979, -0.004945810212356301], [0.004926057866625285, 0.0004564398559593016, -0.8937248114177088, 0.1969765352019473], [0.0006415484354843071, -0.004932285357334019, -0.1969766684172843, -0.8936979425397578]]","[[ 1.00000000e+00 -5.43502117e-02 -5.37079193e-03  7.65854980e-04]
 [-5.43507151e-02  9.99970679e-01 -3.79055255e-04 -5.39623832e-03]
 [ 5.37468707e-03  4.98009049e-04 -9.75118710e-01  2.14915713e-01]
 [ 6.99975960e-04 -5.38148172e-03 -2.14915858e-01 -9.75089394e-01]]","[0.9663427992682729, 0.8667156826414136]"
0,60,5610,7560,"[[0.9141544606270365, -0.0520310708914361, -0.005359344843768015, 0.0007436966694125131], [-0.05203155182924379, 0.914123654138407, -0.0003396897284920286, -0.005194403295998094], [0.005361869311225444, 0.0004497115600593767, -0.8924175243442597, 0.1912103018396077], [0.0006899070446278223, -0.005181208987894433, -0.1912104581753134, -0.8923867220066918]]","[[ 1.00000000e+00 -5.69171547e-02 -5.86262505e-03  8.13535022e-04]
 [-5.69176808e-02  9.99966301e-01 -3.71588985e-04 -5.68219433e-03]
 [ 5.86538659e-03  4.91942641e-04 -9.76221812e-01  2.09166295e-01]
 [ 7.54694173e-04 -5.66776099e-03 -2.09166466e-01 -9.76188117e-01]]","[0.9661855309924846, 0.8621233892662632]"
0,60,5680,7560,"[[0.9088406682177825, -0.05668095091236325, -0.006102168267260351, 0.000837134212920667], [-0.0566814997682783, 0.908798087750779, -0.000383563412415367, -0.006274850960845415], [0.006102568316795787, 0.0005030178917504163, -0.8885644160638672, 0.1822936081630505], [0.0007960474481143983, -0.006261439836104235, -0.182293885253216, -0.8885218400360057]]","[[ 1.00000000e+00 -6.23662132e-02 -6.71423329e-03  9.21101181e-04]
 [-6.23668171e-02  9.99953149e-01 -4.22035925e-04 -6.90423655e-03]
 [ 6.71467346e-03  5.53472032e-04 -9.77689981e-01  2.00578181e-01]
 [ 8.75893296e-04 -6.88948025e-03 -2.00578486e-01 -9.77643135e-01]]","[0.9655216186045198, 0.8521597168415069]"
0,60,5750,7560,"[[0.859837804377056, -0.08102733068450801, -0.03899041650645706, 0.007048922392121938], [-0.08102786369695752, 0.8581491521255968, -0.003052042087359284, -0.03635813626097562], [0.03897573191829333, 0.00314469816322837, -0.8244159764352463, 0.2302893787872358], [0.007123610758202014, -0.03634905128474131, -0.2302931111618976, -0.8227273283926881]]","[[ 1.         -0.0942356  -0.04534625  0.00819797]
 [-0.09423622  0.99803608 -0.00354956 -0.04228488]
 [ 0.04532917  0.00365732 -0.95880406  0.26782886]
 [ 0.00828483 -0.04227431 -0.2678332  -0.95684014]]","[0.9408651345493607, 0.7788104732685663]"
0,60,5820,7560,"[[0.9208166343957482, -0.04984413762704737, -0.002588906701465023, 0.0001186848454431733], [-0.04984390806870226, 0.9207815317130652, 0.0009403585542396235, 0.007551248480854445], [0.002595292517786812, -0.0009365466190912304, -0.8954943112239321, 0.2085855138531581], [6.216889370002157e-05, 0.007553237218782599, -0.2085854173459909, -0.8954592094245356]]","[[ 1.00000000e+00 -5.41303619e-02 -2.81153338e-03  1.28890857e-04]
 [-5.41301126e-02  9.99961879e-01  1.02122238e-03  8.20059955e-03]
 [ 2.81846833e-03 -1.01708265e-03 -9.72500146e-01  2.26522313e-01]
 [ 6.75149551e-05  8.20275931e-03 -2.26522208e-01 -9.72462026e-01]]","[0.9706607714943712, 0.8709724962945465]"
0,60,5890,7560,"[[0.924010821450407, -0.0477965497721165, -0.001904580779817763, 0.0001663430268333144], [-0.04779646699397572, 0.9240040139617622, 0.0003892615451057889, 0.002960710133631798], [0.001911398141929148, -0.0003620058216891467, -0.9007183677148076, 0.2005437043270191], [9.781668907490795e-05, 0.00296550060582624, -0.2005435884139834, -0.9007115617164534]]","[[ 1.00000000e+00 -5.17272619e-02 -2.06121047e-03  1.80022812e-04]
 [-5.17271723e-02  9.99992633e-01  4.21273795e-04  3.20419422e-03]
 [ 2.06858848e-03 -3.91776604e-04 -9.74792012e-01  2.17036099e-01]
 [ 1.05860978e-04  3.20937865e-03 -2.17035974e-01 -9.74784646e-01]]","[0.9718073706934749, 0.8762142712012825]"
0,60,5960,7560,"[[0.9251506495104911, -0.0470858675804911, -0.001794125168696332, 0.0001909334428226858], [-0.04708584477550221, 0.9251477335370302, 0.0002186253944061914, 0.001445730137859969], [0.001800948690627756, -0.0001835508544412945, -0.9030610489421832, 0.1953646376187098], [0.0001186258787720056, 0.00145134054008018, -0.1953645387338182, -0.9030581347350978]]","[[ 1.00000000e+00 -5.08953516e-02 -1.93927894e-03  2.06380921e-04]
 [-5.08953269e-02  9.99996848e-01  2.36313291e-04  1.56269699e-03]
 [ 1.94665452e-03 -1.98401044e-04 -9.76123239e-01  2.11170621e-01]
 [ 1.28223310e-04  1.56876130e-03 -2.11170515e-01 -9.76120089e-01]]","[0.9722365165617003, 0.8780647814519852]"
0,60,6030,7560,"[[0.9256960718860248, -0.04684647246709428, -0.001760229051433761, 0.000203419437401893], [-0.0468464813660151, 0.9256941067014172, 0.0001370943215554182, 0.0006932363332016692], [0.001766975755612398, -9.864630228110008e-05, -0.9045232482702003, 0.1911969967017751], [0.0001294167451305883, 0.0006991470571616563, -0.1911969107674367, -0.9045212849855443]]","[[ 1.00000000e+00 -5.06067530e-02 -1.90151941e-03  2.19747543e-04]
 [-5.06067626e-02  9.99997877e-01  1.48098632e-04  7.48881144e-04]
 [ 1.90880766e-03 -1.06564460e-04 -9.77127673e-01  2.06544029e-01]
 [ 1.39804790e-04  7.55266311e-04 -2.06543937e-01 -9.77125552e-01]]","[0.9725425438236708, 0.8788495989404889]"
0,60,6100,7560,"[[0.9259420073995424, -0.04685370260037486, -0.001748105299386507, 0.0002102824322722951], [-0.04685373041372692, 0.9259402964967682, 9.070471455160088e-05, 0.0002503571544369207], [0.001754746798055208, -5.079579341712656e-05, -0.9055379769745621, 0.1875480747483715], [0.0001354555128223279, 0.0002563581860682188, -0.1875479976712643, -0.9055362680351718]]","[[ 1.00000000e+00 -5.06011200e-02 -1.88792093e-03  2.27101083e-04]
 [-5.06011500e-02  9.99998152e-01  9.79593904e-05  2.70381031e-04]
 [ 1.89509363e-03 -5.48585041e-05 -9.77964030e-01  2.02548403e-01]
 [ 1.46289413e-04  2.76862032e-04 -2.02548320e-01 -9.77962184e-01]]","[0.9727957094703311, 0.8790883043205957]"
0,60,6170,7560,"[[0.9259892514937489, -0.04702462128146517, -0.001744994188328777, 0.0002141964639564948], [-0.04702466111648768, 0.9259875818284562, 6.184999571428164e-05, -3.489458928397357e-05], [0.001751519232986621, -2.147341388856745e-05, -0.9062602509686282, 0.1842202835282818], [0.0001389919554226164, -2.890487067422791e-05, -0.184220212474147, -0.9062585832915999]]","[[ 1.00000000e+00 -5.07831178e-02 -1.88446484e-03  2.31316361e-04]
 [-5.07831609e-02  9.99998197e-01  6.67934273e-05 -3.76835792e-05]
 [ 1.89151141e-03 -2.31897010e-05 -9.78694137e-01  1.98944300e-01]
 [ 1.50101046e-04 -3.12151255e-05 -1.98944223e-01 -9.78692336e-01]]","[0.9730138722455088, 0.8789646297337783]"
0,60,6240,7560,"[[0.9258497835515043, -0.04733816208499581, -0.001746602842370412, 0.0002164200604503511], [-0.04733820980365061, 0.9258480840302326, 4.304564451393595e-05, -0.0002284856336374537], [0.00175300727973916, -2.778456385592451e-06, -0.9067281609576343, 0.1811102918302541], [0.0001410913874386029, -0.0002225602465772901, -0.1811102248593333, -0.9067264634269634]]","[[ 1.00000000e+00 -5.11294196e-02 -1.88648620e-03  2.33752888e-04]
 [-5.11294712e-02  9.99998164e-01  4.64931194e-05 -2.46784778e-04]
 [ 1.89340356e-03 -3.00097968e-06 -9.79346949e-01  1.95615201e-01]
 [ 1.52391230e-04 -2.40384834e-04 -1.95615129e-01 -9.79345116e-01]]","[0.9731879451067004, 0.8785116209882504]"
0,60,6310,7560,"[[0.9255508273185993, -0.0477767924271213, -0.001751159827061055, 0.0002176152927002753], [-0.04777684535932036, 0.9255490758795184, 3.056122645843536e-05, -0.0003637243918064346], [0.001757443380691502, 9.243314980204062e-06, -0.9069840981058338, 0.1781615346905959], [0.0001423097151265352, -0.0003578912107219475, -0.1781614704369671, -0.9069823486463436]]","[[ 1.00000000e+00 -5.16198474e-02 -1.89201908e-03  2.35119765e-04]
 [-5.16199045e-02  9.99998108e-01  3.30195010e-05 -3.92981543e-04]
 [ 1.89880807e-03  9.98682591e-06 -9.79939806e-01  1.92492437e-01]
 [ 1.53756780e-04 -3.86679154e-04 -1.92492368e-01 -9.79937916e-01]]","[0.9733276192158443, 0.8777740344136209]"
0,60,6380,7560,"[[0.9251005013018176, -0.04833045002905284, -0.001757709803585386, 0.0002181424971130464], [-0.04833050635415964, 0.9250986944538493, 2.233929185194855e-05, -0.0004591776887910429], [0.001763874342014345, 1.678019915421155e-05, -0.9070463226820468, 0.1753341023847228], [0.0001429432389526126, -0.0004534503060669253, -0.1753340398572017, -0.9070445177949665]]","[[ 1.00000000e+00 -5.22434589e-02 -1.90002038e-03  2.35804106e-04]
 [-5.22435198e-02  9.99998047e-01  2.41479621e-05 -4.96354383e-04]
 [ 1.90668402e-03  1.81387851e-05 -9.80484089e-01  1.89529789e-01]
 [ 1.54516443e-04 -4.90163291e-04 -1.89529721e-01 -9.80482138e-01]]","[0.9734309508009382, 0.8767700507954543]"
0,60,6450,7560,"[[0.9244916400184309, -0.04900900915559264, -0.001765542564316028, 0.0002181995366614437], [-0.04900906756733842, 0.9244897818022584, 1.718282799233032e-05, -0.0005258191267576544], [0.001771591233828357, 2.110891428699316e-05, -0.9069137731661653, 0.172598640972036], [0.0001431456512053011, -0.0005202018938885224, -0.1725985794286184, -0.9069119168882175]]","[[ 1.00000000e+00 -5.30118468e-02 -1.90974422e-03  2.36021103e-04]
 [-5.30119099e-02  9.99997990e-01  1.85862449e-05 -5.68765691e-04]
 [ 1.91628692e-03  2.28329964e-05 -9.80986451e-01  1.86695729e-01]
 [ 1.54837151e-04 -5.62689668e-04 -1.86695663e-01 -9.80984443e-01]]","[0.9735006486440535, 0.8754826303862291]"
0,60,6520,7560,"[[0.9237008928538328, -0.04983231280194611, -0.001773852641513387, 0.0002178689075236783], [-0.04983237230963511, 0.9236989909951356, 1.437502319649579e-05, -0.0005702610414808659], [0.001779789311845045, 2.299901914454955e-05, -0.9065674267034709, 0.1699280847917985], [0.0001429658876243953, -0.0005647517390443692, -0.1699280236644959, -0.9065655267590529]]","[[ 1.00000000e+00 -5.39485381e-02 -1.92037558e-03  2.35865213e-04]
 [-5.39486025e-02  9.99997941e-01  1.55624221e-05 -6.17365476e-04]
 [ 1.92680263e-03  2.48987733e-05 -9.81451283e-01  1.83964405e-01]
 [ 1.54775089e-04 -6.11401097e-04 -1.83964338e-01 -9.81449226e-01]]","[0.9735332051257909, 0.8738685795761557]"
0,60,6590,7560,"[[0.922689782948237, -0.05083299583673029, -0.001781460690812296, 0.0002171291967552656], [-0.05083305562770346, 0.9226878481936426, 1.350398525147871e-05, -0.0005962398206924154], [0.001787289520330406, 2.289855354239544e-05, -0.905971918257597, 0.1672940481672378], [0.000142354274125006, -0.0005908309618615158, -0.1672939870184569, -0.9059699853941238]]","[[ 1.00000000e+00 -5.50921846e-02 -1.93072550e-03  2.35321991e-04]
 [-5.50922494e-02  9.99997903e-01  1.46354555e-05 -6.46197489e-04]
 [ 1.93704271e-03  2.48171747e-05 -9.81881381e-01  1.81311261e-01]
 [ 1.54281836e-04 -6.40335433e-04 -1.81311195e-01 -9.81879286e-01]]","[0.973522778254985, 0.8718567866368715]"
0,60,6660,7560,"[[0.9213975419497371, -0.05206362012394977, -0.001786359254495561, 0.0002158263694738497], [-0.05206367944613693, 0.9213955895270429, 1.438659997766978e-05, -0.0006051618028363268], [0.001792084170216032, 2.101717091311712e-05, -0.9050687384905023, 0.1646613550331754], [0.0001411299953752711, -0.0005998408132572721, -0.1646612935386505, -0.9050667879383552]]","[[ 1.00000000e+00 -5.65050565e-02 -1.93874975e-03  2.34238056e-04]
 [-5.65051208e-02  9.99997881e-01  1.56138901e-05 -6.56786865e-04]
 [ 1.94496305e-03  2.28101009e-05 -9.82278221e-01  1.78708264e-01]
 [ 1.53169494e-04 -6.51011953e-04 -1.78708197e-01 -9.82276104e-01]]","[0.9734611615437383, 0.8693339213525251]"
0,60,6730,7560,"[[0.9197332214813931, -0.05361280680286762, -0.001784842057690775, 0.000213584733144403], [-0.0536128648287677, 0.9197312750553477, 1.706485294060314e-05, -0.0005958461659273072], [0.00179046585741382, 1.733685904299804e-05, -0.9037685749793354, 0.161979019354026], [0.0001388875676816946, -0.0005905941329387018, -0.1619789573167877, -0.9037666304077305]]","[[ 1.00000000e+00 -5.82916932e-02 -1.94060845e-03  2.32224658e-04]
 [-5.82917563e-02  9.99997884e-01  1.85541335e-05 -6.47846736e-04]
 [ 1.94672304e-03  1.88498780e-05 -9.82642090e-01  1.76115221e-01]
 [ 1.51008536e-04 -6.42136349e-04 -1.76115153e-01 -9.82639976e-01]]","[0.9733460277543743, 0.8661204142070118]"
0,60,6800,7560,"[[0.9175230037269615, -0.05563733646832897, -0.001769232330706012, 0.0002095389070969599], [-0.05563739205109558, 0.9175211045515916, 2.18997433979745e-05, -0.0005627489120650229], [0.001774754556905589, 1.152143250715207e-05, -0.9019000133700036, 0.1591517847007798], [0.0001347252726067717, -0.0005575376544391926, -0.1591517221266888, -0.9018981160397411]]","[[ 1.00000000e+00 -6.06386284e-02 -1.92827027e-03  2.28374554e-04]
 [-6.06386890e-02  9.99997930e-01  2.38683317e-05 -6.13334935e-04]
 [ 1.93428889e-03  1.25571048e-05 -9.82972645e-01  1.73458087e-01]
 [ 1.46835853e-04 -6.07655233e-04 -1.73458018e-01 -9.82970577e-01]]","[0.9731603396655053, 0.8618856667894249]"
0,60,6870,7560,"[[0.9144263873694676, -0.05846165203252712, -0.001721860637332525, 0.0002015770000681706], [-0.05846170312218119, 0.9144246155206828, 2.992848750667894e-05, -0.0004899876989280258], [0.001727271732398373, 2.573020177901305e-06, -0.8991283181914451, 0.1559682615441438], [0.0001264758080880983, -0.0004847715598658259, -0.1559681988625417, -0.8991265481889084]]","[[ 1.00000000e+00 -6.39325952e-02 -1.88299535e-03  2.20440927e-04]
 [-6.39326510e-02  9.99998062e-01  3.27292474e-05 -5.35841600e-04]
 [ 1.88891283e-03  2.81380788e-06 -9.83270311e-01  1.70564043e-01]
 [ 1.38311634e-04 -5.30137326e-04 -1.70563974e-01 -9.83268375e-01]]","[0.9728880388723575, 0.8559647348709565]"
0,60,6940,7560,"[[0.9095823023146018, -0.06292464303504797, -0.001592895016522643, 0.0001833156793143616], [-0.062924684631402, 0.909580832696165, 4.437028632396048e-05, -0.000325303952926103], [0.001598154604208755, -1.263708568499276e-05, -0.8946191778831061, 0.1517793252253744], [0.0001076390254163939, -0.0003199950233429933, -0.1517792639764679, -0.894617710130857]]","[[ 1.00000000e+00 -6.91797135e-02 -1.75123792e-03  2.01538309e-04]
 [-6.91797592e-02  9.99998384e-01  4.87809473e-05 -3.57641032e-04]
 [ 1.75702034e-03 -1.38932845e-05 -9.83549455e-01  1.66867061e-01]
 [ 1.18338962e-04 -3.51804364e-04 -1.66866993e-01 -9.83547842e-01]]","[0.9725069448202202, 0.8466576588186362]"
0,60,7010,7560,"[[0.8994308704692111, -0.07254774887806242, -0.001171214072360148, 0.0001227391964536193], [-0.07254775924642193, 0.8994300656560825, 8.253223475270866e-05, 0.0002358652513432623], [0.001176103341535957, -5.108964773189095e-05, -0.8850594424994204, 0.1427672649102303], [4.564911039545795e-05, 0.0002415148692535187, -0.1427672100023795, -0.8850586396284489]]","[[ 1.00000000e+00 -8.06596163e-02 -1.30217242e-03  1.36463180e-04]
 [-8.06596278e-02  9.99999105e-01  9.17605093e-05  2.62238332e-04]
 [ 1.30760838e-03 -5.68021950e-05 -9.84021643e-01  1.58730670e-01]
 [ 5.07533285e-05  2.68519657e-04 -1.58730609e-01 -9.84020750e-01]]","[0.9719786188181314, 0.8268831211409958]"
0,60,7080,7560,"[[0.9059245758163033, -0.06530405558545255, -0.0002838424694423727, 0.0003324053397026788], [-0.06530430453261932, 0.9058956597543046, -0.0009438829051539501, -0.007165280597936256], [0.0002907493486023756, 0.0009788180204961883, -0.8708036207312494, 0.241111399365514], [0.000272047959734702, -0.007158321150056209, -0.2411115304275985, -0.8707747060379337]]","[[ 1.00000000e+00 -7.20855326e-02 -3.13317992e-04  3.66923857e-04]
 [-7.20858074e-02  9.99968081e-01 -1.04190010e-03 -7.90935668e-03]
 [ 3.20942114e-04  1.08046304e-03 -9.61231921e-01  2.66149529e-01]
 [ 3.00298686e-04 -7.90167453e-03 -2.66149674e-01 -9.61200004e-01]]","[0.9712286308730221, 0.8406205197732194]"
0,60,7150,7560,"[[0.9219072228187422, -0.04855437583697908, -0.002927829122221226, 0.0004291659249823542], [-0.04855455571727019, 0.921896028226235, -0.0002619418775586082, -0.003439929321125118], [0.002934501902761171, 0.0002894387293774137, -0.9013064019358246, 0.1876218032687676], [0.0003572077265521917, -0.00343518333144193, -0.1876217394253837, -0.90129520897069]]","[[ 1.00000000e+00 -5.26673125e-02 -3.17583923e-03  4.65519647e-04]
 [-5.26675077e-02  9.99987857e-01 -2.84130410e-04 -3.73131833e-03]
 [ 3.18307724e-03  3.13956461e-04 -9.77654128e-01  2.03514843e-01]
 [ 3.87466024e-04 -3.72617032e-03 -2.03514773e-01 -9.77641987e-01]]","[0.9704615981274052, 0.8733528465063127]"
0,60,7220,7560,"[[0.9203217427734849, -0.04885924729055147, -0.003535859792984047, 0.0004527168014514915], [-0.04885940970532643, 0.9203107475445176, -0.0001569500944669721, -0.002742654976372545], [0.003542512105388614, 0.000181812508021819, -0.9020648043290588, 0.1757378218991373], [0.0003768209222554616, -0.002738222582226975, -0.1757377118912377, -0.9020538108500941]]","[[ 1.00000000e+00 -5.30893111e-02 -3.84198224e-03  4.91911448e-04]
 [-5.30894876e-02  9.99988053e-01 -1.70538288e-04 -2.98010451e-03]
 [ 3.84921049e-03  1.97553203e-04 -9.80162439e-01  1.90952592e-01]
 [ 4.09444768e-04 -2.97528837e-03 -1.90952472e-01 -9.80150494e-01]]","[0.9691809895364178, 0.871462495008513]"
0,60,7290,7560,"[[0.9162203926591774, -0.0510478828187429, -0.004132909085414051, 0.0004932463444176959], [-0.05104804133098201, 0.9162076773530456, -9.970126415162267e-05, -0.002445791798513945], [0.004139736537669383, 0.0001219019567772445, -0.8991035437705622, 0.1687202936594397], [0.0004130707078978774, -0.002441473801445368, -0.1687201408581073, -0.899090830370716]]","[[ 1.00000000e+00 -5.57157243e-02 -4.51082416e-03  5.38349013e-04]
 [-5.57158973e-02  9.99986122e-01 -1.08817993e-04 -2.66943611e-03]
 [ 4.51827592e-03  1.33048727e-04 -9.81317979e-01  1.84148154e-01]
 [ 4.50842080e-04 -2.66472327e-03 -1.84147987e-01 -9.81304103e-01]]","[0.9672682749513435, 0.8651725093694387]"
0,60,7360,7560,"[[0.9086785678406819, -0.05555609651739873, -0.00500691652995856, 0.0005683172638878004], [-0.05555626055317758, 0.9086616058182522, -4.699498077777526e-05, -0.002334434623491754], [0.005014185346863807, 6.55783328581622e-05, -0.8922444585046785, 0.162818400732103], [0.000481577154426423, -0.002330078672448407, -0.1628181834666954, -0.8922274986670344]]","[[ 1.00000000e+00 -6.11394375e-02 -5.51010743e-03  6.25432671e-04]
 [-6.11396180e-02  9.99981333e-01 -5.17179368e-05 -2.56904334e-03]
 [ 5.51810676e-03  7.21689002e-05 -9.81914276e-01  1.79181513e-01]
 [ 5.29975254e-04 -2.56424962e-03 -1.79181274e-01 -9.81895612e-01]]","[0.9642346638331554, 0.8531224708588467]"
0,60,7430,7560,"[[0.892127025522503, -0.06674224888203473, -0.006852091310936977, 0.0007477904353080636], [-0.06674243594843032, 0.8920968495949446, 4.320198575009362e-05, -0.002520588943536336], [0.00686048918098304, -3.185221124816931e-05, -0.8759539772858407, 0.1553714468951249], [0.0006473511931731312, -0.002515800065907615, -0.155371073568948, -0.8759238042475823]]","[[ 1.00000000e+00 -7.48124953e-02 -7.68062295e-03  8.38210719e-04]
 [-7.48127050e-02  9.99966175e-01  4.84258234e-05 -2.82537001e-03]
 [ 7.69003627e-03 -3.57036726e-05 -9.81871362e-01  1.74158435e-01]
 [ 7.25626704e-04 -2.82000208e-03 -1.74158017e-01 -9.81837540e-01]]","[0.9588692738825324, 0.8253847761911324]"
0,60,7500,7560,"[[0.8563517360188688, -0.1115508985697228, -0.0116310836232828, 0.002623553020438298], [-0.1115555934825413, 0.8520144856532257, 0.02345468242576465, -0.08196567708945479], [0.01162378620060886, -0.0240361247365659, -0.7248654868432143, -0.4414520707516848], [0.002450564330100186, -0.08179065711036357, 0.4414835372199321, -0.7205283531637618]]","[[ 1.         -0.13026294 -0.01358213  0.00306364]
 [-0.13026843  0.9949352   0.02738908 -0.09571497]
 [ 0.01357361 -0.02806805 -0.84645766 -0.51550321]
 [ 0.00286163 -0.09551059  0.51553996 -0.841393  ]]","[0.9679026340616693, 0.7448008370436796]"
0,60,7570,7560,"[[0.9597190606344026, -0.02618747648888048, -7.215024820684306e-05, -2.084507064383737e-05], [-0.02618732881383629, 0.9597088356469252, 0.0004748018926968197, 0.004403102853559365], [7.626839528962235e-05, -0.0003344867347281889, -0.9434165735429629, 0.1741836630683163], [-8.693537171800903e-05, 0.004416854610728242, -0.1741833353487793, -0.9434063548756868]]","[[ 1.00000000e+00 -2.72866066e-02 -7.51785092e-05 -2.17199715e-05]
 [-2.72864528e-02  9.99989346e-01  4.94730085e-04  4.58790810e-03]
 [ 7.94695015e-05 -3.48525676e-04 -9.83013272e-01  1.81494429e-01]
 [-9.05841879e-05  4.60223704e-03 -1.81494088e-01 -9.83002624e-01]]","[0.9859065365865587, 0.933531583637311]"
0,60,7640,7560,"[[0.9648272780101004, -0.03080126185321092, -0.0004573814812262886, 1.617187155726813e-05], [-0.03080120598482544, 0.9648219127299533, 0.0003553480657095215, 0.003164480252267372], [0.0004603668706685878, -0.0002620608868164802, -0.9470501786866935, 0.1817659250589331], [-3.103745491399301e-05, 0.003174109833766458, -0.1817657590866719, -0.9470448162653199]]","[[ 1.00000000e+00 -3.19241201e-02 -4.74055296e-04  1.67614162e-05]
 [-3.19240621e-02  9.99994439e-01  3.68302259e-04  3.27984119e-03]
 [ 4.77149518e-04 -2.71614301e-04 -9.81574838e-01  1.88392191e-01]
 [-3.21689235e-05  3.28982182e-03 -1.88392019e-01 -9.81569280e-01]]","[0.9956285393212942, 0.9340260156484088]"
0,60,7710,7560,"[[0.9648943761483155, -0.03057081808633783, -0.0004782224107785898, 2.796558978418223e-05], [-0.03057078280765829, 0.9648912389081281, 0.0002695947497846888, 0.002397891555520117], [0.0004810397643632813, -0.0001932331508706024, -0.9478063475439531, 0.1781843829885938], [-1.537818025203436e-05, 0.002405698066153452, -0.178184276231565, -0.9478032123191853]]","[[ 1.00000000e+00 -3.16830721e-02 -4.95621513e-04  2.89830581e-05]
 [-3.16830355e-02  9.99996749e-01  2.79403380e-04  2.48513373e-03]
 [ 4.98541370e-04 -2.00263527e-04 -9.82290260e-01  1.84667242e-01]
 [-1.59376825e-05  2.49322426e-03 -1.84667131e-01 -9.82287011e-01]]","[0.995465193692726, 0.934323557553336]"
0,60,7780,7560,"[[0.9648209005984469, -0.03023247055903028, -0.0004764483201036671, 3.376227715401036e-05], [-0.03023244544551623, 0.9648188308080159, 0.0002171027704858191, 0.001927992442716414], [0.0004791689422508975, -0.0001502734865894514, -0.9484303298550096, 0.1744856906582159], [-7.648815894957138e-06, 0.00193474154291127, -0.1744856128542091, -0.9484282616799018]]","[[ 1.00000000e+00 -3.13348006e-02 -4.93820480e-04  3.49933103e-05]
 [-3.13347746e-02  9.99997855e-01  2.25018727e-04  1.99829050e-03]
 [ 4.96640301e-04 -1.55752727e-04 -9.83011800e-01  1.80847752e-01]
 [-7.92770543e-06  2.00528569e-03 -1.80847671e-01 -9.83009656e-01]]","[0.9950533706157744, 0.9345884295306313]"
0,60,7850,7560,"[[0.9647836112514518, -0.0299432414949114, -0.0004707054621463324, 3.702454530301377e-05], [-0.02994322260779642, 0.9647821347404975, 0.0001818475996745716, 0.001609935054607703], [0.0004733457193511959, -0.0001214528051747529, -0.9490051857953857, 0.1711723182426769], [-3.059665734073146e-06, 0.001615964024417162, -0.1711722574550815, -0.9490037106571741]]","[[ 1.00000000e+00 -3.10362253e-02 -4.87887083e-04  3.83760098e-05]
 [-3.10362057e-02  9.99998470e-01  1.88485374e-04  1.66870067e-03]
 [ 4.90623715e-04 -1.25886058e-04 -9.83645633e-01  1.77420425e-01]
 [-3.17134920e-06  1.67494970e-03 -1.77420362e-01 -9.83644104e-01]]","[0.9947268522048375, 0.9348403692476176]"
0,60,7920,7560,"[[0.9647783406186337, -0.02970370886416002, -0.0004640234317365176, 3.89529388456505e-05], [-0.02970369420410551, 0.9647772291111405, 0.0001564594435027703, 0.001379322269965491], [0.0004665897418140339, -0.0001008578774233996, -0.9495376343509211, 0.1682058496498057], [-7.245077597117875e-08, 0.001384813375951992, -0.1682058000216552, -0.9495365240486934]]","[[ 1.00000000e+00 -3.07881174e-02 -4.80963774e-04  4.03750138e-05]
 [-3.07881023e-02  9.99998848e-01  1.62171389e-04  1.42967790e-03]
 [ 4.83623774e-04 -1.04539948e-04 -9.84202893e-01  1.74346627e-01]
 [-7.50957737e-08  1.43536947e-03 -1.74346576e-01 -9.84201743e-01]]","[0.9944820489414016, 0.9350746312454227]"
0,60,7990,7560,"[[0.9647931344436647, -0.02950375348292184, -0.0004571372177407561, 4.008931349656442e-05], [-0.02950374187294419, 0.9647922640948947, 0.0001372449146348293, 0.001203872687134881], [0.0004596332790130883, -8.544058958624614e-05, -0.9500316957094657, 0.1655146257238768], [1.978237609373394e-06, 0.001208937796072905, -0.1655145839620408, -0.9500308264407278]]","[[ 1.00000000e+00 -3.05803933e-02 -4.73818896e-04  4.15522375e-05]
 [-3.05803812e-02  9.99999098e-01  1.42253204e-04  1.24780395e-03]
 [ 4.76406043e-04 -8.85584552e-05 -9.84699892e-01  1.71554523e-01]
 [ 2.05042671e-06  1.25305390e-03 -1.71554479e-01 -9.84698991e-01]]","[0.9942968873852952, 0.9352893804515753]"
0,60,8060,7560,"[[0.964830261071854, -0.02933468001493056, -0.000450273604714403, 4.071924282119635e-05], [-0.02933467069693396, 0.9648295586601912, 0.0001221610231244383, 0.001065617750605852], [0.0004527021849055727, -7.349248183629399e-05, -0.9505018139490935, 0.1630435709914195], [3.433428214851333e-06, 0.001070331743853175, -0.1630435350650686, -0.9505011125186862]]","[[ 1.00000000e+00 -3.04039801e-02 -4.66686860e-04  4.22035300e-05]
 [-3.04039704e-02  9.99999272e-01  1.26614005e-04  1.10446137e-03]
 [ 4.69203966e-04 -7.61714105e-05 -9.85149256e-01  1.68986792e-01]
