azi,aoi,wvl,pitch,mm,dmm,reflected flux
22,60,4000,7560,"[[0.7496771753052487, -0.02285441729561905, -0.004539487950405286, 0.0005849815734885792], [-0.02285178894330991, 0.7496510371194542, -0.000840228530374094, -0.004173062316101926], [0.004528188686277393, 0.0001413848918367451, -0.7232878408849662, 0.1958258853177883], [0.0007515274628200339, -0.004268556594727571, -0.1958243953757378, -0.7232618778999019]]","[[ 1.00000000e+00 -3.04856784e-02 -6.05525698e-03  7.80311303e-04]
 [-3.04821725e-02  9.99965134e-01 -1.12078713e-03 -5.56647908e-03]
 [ 6.04018481e-03  1.88594366e-04 -9.64799069e-01  2.61213615e-01]
 [ 1.00246811e-03 -5.69385962e-03 -2.61211628e-01 -9.64764437e-01]]","[0.0005126555818415032, 0.00048232298519807404]"
22,60,4050,7560,"[[0.8101192585684664, -0.05701430910082345, -0.005709158293543126, 0.001212518615447139], [-0.05701158216413599, 0.8099891089432598, -0.001880214198809238, -0.01315088058621381], [0.005712121505767559, 0.001374693218487352, -0.7774203529915701, 0.2205829782113258], [0.001321854418266057, -0.01322505295140657, -0.2205791717477284, -0.7772902876249553]]","[[ 1.         -0.07037767 -0.00704731  0.00149672]
 [-0.07037431  0.99983935 -0.00232091 -0.01623326]
 [ 0.00705096  0.0016969  -0.95963692  0.27228458]
 [ 0.00163168 -0.01632482 -0.27227988 -0.95947637]]","[0.0005754338954231901, 0.0004997639705027863]"
22,60,4100,7560,"[[0.8353401100957552, -0.06955421747213492, -0.007462009763473202, 0.001678352429810288], [-0.0695518097125089, 0.8351584603231768, -0.002063375104917708, -0.01550337957093424], [0.007467652224716324, 0.001688109586193623, -0.7997766941286216, 0.230883017033531], [0.001751445321871912, -0.01555948311625598, -0.2308797858445343, -0.7995950890571369]]","[[ 1.         -0.08326455 -0.0089329   0.00200918]
 [-0.08326167  0.99978254 -0.0024701  -0.01855936]
 [ 0.00893965  0.00202086 -0.95742642  0.27639403]
 [ 0.00209669 -0.01862652 -0.27639016 -0.95720902]]","[0.0006004921124877133, 0.0005081791037532465]"
22,60,4150,7560,"[[0.8469618020318778, -0.07634916980800677, -0.009006688002785146, 0.001972679808305776], [-0.07634714173027002, 0.8467613761430477, -0.001956966288442395, -0.01582133628895704], [0.009012929016481933, 0.001670701588416541, -0.8106395264318156, 0.2331782286328826], [0.002022049687662699, -0.01586388461930869, -0.2331757606923062, -0.8104391259999713]]","[[ 1.         -0.09014476 -0.01063411  0.00232912]
 [-0.09014237  0.99976336 -0.00231057 -0.01868011]
 [ 0.01064148  0.00197258 -0.95711462  0.27531139]
 [ 0.00238742 -0.01873034 -0.27530847 -0.95687801]]","[0.000612713483853305, 0.0005113821507507588]"
22,60,4200,7560,"[[0.8506174147580996, -0.08298550087092016, -0.01076815538708625, 0.002247375724259744], [-0.08298375251609291, 0.8504006387665745, -0.001730608751770489, -0.01563492332157177], [0.01077486892548023, 0.001507025445739258, -0.8148936481074442, 0.2293568355547244], [0.002279526457509343, -0.01566731889553429, -0.2293549421852479, -0.814676887435483]]","[[ 1.         -0.09755914 -0.01265922  0.00264205]
 [-0.09755708  0.99974515 -0.00203453 -0.01838068]
 [ 0.01266712  0.00177168 -0.95800254  0.26963572]
 [ 0.00267985 -0.01841876 -0.26963349 -0.95774772]]","[0.000619543265938638, 0.0005094041321068126]"
22,60,4250,7560,"[[0.8439752944141843, -0.09564579819967084, -0.01448585272307746, 0.002818195976288308], [-0.09564402603111816, 0.8436639212628552, -0.001446497754590353, -0.01747203564704843], [0.01449460357448267, 0.00126218652895559, -0.812439898504764, 0.2075531460761268], [0.002833305967417741, -0.01749600721258543, -0.2075513324493754, -0.8121285356785543]]","[[ 1.         -0.11332772 -0.01716384  0.00333919]
 [-0.11332562  0.99963106 -0.00171391 -0.02070207]
 [ 0.0171742   0.00149553 -0.96263469  0.24592325]
 [ 0.0033571  -0.02073047 -0.2459211  -0.96226577]]","[0.000623536956362869, 0.0004965949573653455]"
22,60,4300,7560,"[[0.8820554351886369, -0.06419078971781067, -0.0001101356358102737, -0.0003893314394161386], [-0.06419100133253375, 0.8819916954305034, 0.002195505374193891, 0.0103674081738303], [0.0001082543607467076, -0.002353177093181802, -0.7987349335977579, 0.3686707876677394], [-0.0003533020580391497, 0.0103314464709393, -0.3686717609052622, -0.7986712016215226]]","[[ 1.00000000e+00 -7.27740992e-02 -1.24862488e-04 -4.41391123e-04]
 [-7.27743391e-02  9.99927737e-01  2.48907868e-03  1.17536923e-02]
 [ 1.22729657e-04 -2.66783356e-03 -9.05538248e-01  4.17967820e-01]
 [-4.00544052e-04  1.17129220e-02 -4.17968924e-01 -9.05465994e-01]]","[0.0006279334251710913, 0.000542738807975282]"
22,60,4350,7560,"[[0.9039508204322149, -0.04571659126337496, -0.0006749001877226283, 0.0002428998087970315], [-0.04571652081585237, 0.9039354653700189, -0.0009042136652186154, -0.005140201571228492], [0.0006766338352011366, 0.0007842131186060575, -0.8535549189814723, 0.2940755135648248], [0.0002511940878843931, -0.00516049663947759, -0.2940751650908233, -0.8535395680356362]]","[[ 1.00000000e+00 -5.05742019e-02 -7.46611621e-04  2.68709097e-04]
 [-5.05741239e-02  9.99983013e-01 -1.00029077e-03 -5.68637304e-03]
 [ 7.48529477e-04  8.67539584e-04 -9.44249288e-01  3.25322470e-01]
 [ 2.77884684e-04 -5.70882455e-03 -3.25322084e-01 -9.44232306e-01]]","[0.0006302037407423567, 0.000569528252727604]"
22,60,4400,7560,"[[0.9052714461971241, -0.04686856730159572, -0.001936224773123952, 0.0005138625807226647], [-0.04686845743842816, 0.9052321950674168, -0.001248831225190877, -0.00809205872812355], [0.001938574907670718, 0.001153473834661688, -0.8617701807422535, 0.2732586665268887], [0.0005150210653315063, -0.008106836019534564, -0.2732582307053367, -0.8617309321859368]]","[[ 1.00000000e+00 -5.17729434e-02 -2.13883336e-03  5.67633700e-04]
 [-5.17728220e-02  9.99956642e-01 -1.37951023e-03 -8.93882024e-03]
 [ 2.14142942e-03  1.27417455e-03 -9.51946716e-01  3.01852740e-01]
 [ 5.68913410e-04 -8.95514385e-03 -3.01852259e-01 -9.51903361e-01]]","[0.0006318445708756308, 0.0005696401694758525]"
22,60,4450,7560,"[[0.9060588780494945, -0.04803775880400268, -0.00274848228434426, 0.0006565193759101211], [-0.04803765935275911, 0.9060072952664824, -0.001317103839335248, -0.009151061485960437], [0.002751077179805706, 0.00124102162990722, -0.8660321360092857, 0.2619569558896959], [0.0006529178576679014, -0.009162210921897194, -0.2619565571623976, -0.865980554863222]]","[[ 1.00000000e+00 -5.30183633e-02 -3.03344777e-03  7.24587984e-04]
 [-5.30182536e-02  9.99943069e-01 -1.45366253e-03 -1.00998530e-02]
 [ 3.03631171e-03  1.36969204e-03 -9.55823244e-01  2.89116924e-01]
 [ 7.20613057e-04 -1.01121584e-02 -2.89116484e-01 -9.55766315e-01]]","[0.0006331429952947683, 0.00056938683198469]"
22,60,4500,7560,"[[0.9067604544141934, -0.0489269187382968, -0.003326616137240449, 0.0007431300835086868], [-0.04892684336630104, 0.9067026959335824, -0.001306830955637031, -0.009560809399969204], [0.003329273834778053, 0.001246573724825585, -0.8690679526117188, 0.2540462232674517], [0.0007361578716364994, -0.00956923784379253, -0.254045885630959, -0.8690101951671497]]","[[ 1.00000000e+00 -5.39579318e-02 -3.66868242e-03  8.19543993e-04]
 [-5.39578487e-02  9.99936302e-01 -1.44120859e-03 -1.05439197e-02]
 [ 3.67161340e-03  1.37475528e-03 -9.58431688e-01  2.80169059e-01]
 [ 8.11854849e-04 -1.05532148e-02 -2.80168687e-01 -9.58367991e-01]]","[0.0006341986153506047, 0.0005692623506496405]"
22,60,4550,7560,"[[0.9073729865980309, -0.0496160537739872, -0.003755344619549445, 0.0007974547315353102], [-0.04961600467383848, 0.9073125207534602, -0.001265039516232983, -0.00966347490735103], [0.003757919499188016, 0.001218304574755339, -0.8714777230050018, 0.2477669499094045], [0.0007883277280893884, -0.009669730013531365, -0.247766676659146, -0.8714172577977907]]","[[ 1.00000000e+00 -5.46809906e-02 -4.13870004e-03  8.78861001e-04]
 [-5.46809365e-02  9.99933362e-01 -1.39417807e-03 -1.06499478e-02]
 [ 4.14153777e-03  1.34267230e-03 -9.60440454e-01  2.73059650e-01]
 [ 8.68802289e-04 -1.06568414e-02 -2.73059349e-01 -9.60373816e-01]]","[0.0006350624078118867, 0.0005692115166384967]"
22,60,4600,7560,"[[0.9078765404543836, -0.05017121399771279, -0.004062580516010791, 0.0008276860118537647], [-0.05017118884727595, 0.9078157959545079, -0.001205847584058183, -0.009573249514598928], [0.004064893442415245, 0.001171518127894319, -0.8734721829893073, 0.2424189943397601], [0.0008177955370102484, -0.009577642903972667, -0.2424187872356009, -0.8734114388476928]]","[[ 1.00000000e+00 -5.52621549e-02 -4.47481605e-03  9.11672430e-04]
 [-5.52621272e-02  9.99933092e-01 -1.32820657e-03 -1.05446601e-02]
 [ 4.47736367e-03  1.29039366e-03 -9.62104586e-01  2.67017577e-01]
 [ 9.00778355e-04 -1.05494993e-02 -2.67017349e-01 -9.62037678e-01]]","[0.0006357649754323241, 0.0005691772704114873]"
22,60,4650,7560,"[[0.908217246426827, -0.05062213782704128, -0.004226093284267719, 0.0008304018562953009], [-0.05062213353802369, 0.9081591556734467, -0.001124124613968774, -0.009257491644266081], [0.00422780054829605, 0.001103757730104489, -0.8751066911506564, 0.2376601598016728], [0.0008219297126695604, -0.009259965486063726, -0.2376600339748079, -0.8750486005337077]]","[[ 1.00000000e+00 -5.57379174e-02 -4.65317445e-03  9.14320731e-04]
 [-5.57379126e-02  9.99936039e-01 -1.23772657e-03 -1.01930366e-02]
 [ 4.65505424e-03  1.21530144e-03 -9.63543353e-01  2.61677656e-01]
 [ 9.04992408e-04 -1.01957605e-02 -2.61677517e-01 -9.63479392e-01]]","[0.0006362903046751898, 0.0005691041293256183]"
22,60,4700,7560,"[[0.9087103162223005, -0.05092078121146282, -0.004601796630998464, 0.0008188882285903921], [-0.05092090805152638, 0.908668266595124, -0.0008163391263285693, -0.007342989154228327], [0.004602972126327782, 0.0008422160483924886, -0.876691938151166, 0.2336051997382751], [0.000804263739018255, -0.007339186181708246, -0.2336052684399471, -0.876649888771416]]","[[ 1.00000000e+00 -5.60363191e-02 -5.06409639e-03  9.01154322e-04]
 [-5.60364586e-02  9.99953726e-01 -8.98349135e-04 -8.08067106e-03]
 [ 5.06538998e-03  9.26825671e-04 -9.64765033e-01  2.57073344e-01]
 [ 8.85060645e-04 -8.07648604e-03 -2.57073420e-01 -9.64718759e-01]]","[0.0006368156892481674, 0.0005692331516022964]"
22,60,4750,7560,"[[0.9097386716099214, -0.05210821370950214, -0.005378919137129692, 0.001070621341358864], [-0.05210807323016675, 0.9096314849295303, -0.001523427997504777, -0.01275138318941891], [0.005383986685395706, 0.001432175188282253, -0.8788567916797319, 0.2291654022550436], [0.001051821632486289, -0.01276252798515155, -0.2291646947984736, -0.8787496074261121]]","[[ 1.         -0.05727822 -0.0059126   0.00117684]
 [-0.05727807  0.99988218 -0.00167458 -0.01401653]
 [ 0.00591817  0.00157427 -0.96605412  0.25190245]
 [ 0.00115618 -0.01402878 -0.25190167 -0.9659363 ]]","[0.0006382860964634067, 0.0005691275872870239]"
22,60,4800,7560,"[[0.9104195415657921, -0.0524228192354918, -0.00604677212170376, 0.001102114181531084], [-0.0524228370962237, 0.9103308880968717, -0.001242692464336494, -0.0110496751502674], [0.006052309253769233, 0.001190065481483412, -0.880419985535262, 0.2257735034078427], [0.001070415264054321, -0.01105538226462445, -0.2257730715079392, -0.8803313331202068]]","[[ 1.         -0.05758095 -0.00664174  0.00121056]
 [-0.05758097  0.99990262 -0.00136497 -0.0121369 ]
 [ 0.00664782  0.00130716 -0.96704865  0.24798842]
 [ 0.00117574 -0.01214317 -0.24798795 -0.96695127]]","[0.0006389466986539839, 0.0005693706420775424]"
22,60,4850,7560,"[[0.910708683756895, -0.05280863119030205, -0.006357276840955512, 0.001113511083285703], [-0.05280870011772415, 0.9106255005055459, -0.001124394445269647, -0.01042077926724568], [0.006362745694444989, 0.001086367080793748, -0.8815795593143658, 0.2222986396824869], [0.001078454015058863, -0.01042446305766411, -0.2222982941259564, -0.881496376809326]]","[[ 1.         -0.0579863  -0.00698058  0.00122269]
 [-0.05798638  0.99990866 -0.00123464 -0.01144249]
 [ 0.00698659  0.00119288 -0.96801488  0.24409413]
 [ 0.00118419 -0.01144654 -0.24409375 -0.96792354]]","[0.0006393946013853461, 0.0005693064915697392]"
22,60,4900,7560,"[[0.9108861873883577, -0.05323535300880111, -0.006614603130287832, 0.001123914345761587], [-0.05323545124238072, 0.9108056817812655, -0.001042476252547293, -0.0100281580614581], [0.006619964311150594, 0.001013291573265818, -0.8825814182727922, 0.2189234219862132], [0.001087093160081325, -0.0100306276983069, -0.2189231229092057, -0.8825009132811683]]","[[ 1.         -0.05844347 -0.00726172  0.00123387]
 [-0.05844358  0.99991162 -0.00114446 -0.01100923]
 [ 0.00726761  0.00111242 -0.96892612  0.24034114]
 [ 0.00119345 -0.01101194 -0.24034081 -0.96883774]]","[0.0006397955682229228, 0.0005691411092139825]"
22,60,4950,7560,"[[0.9109779472729899, -0.05370321453511817, -0.006856299378714237, 0.001134677686085143], [-0.05370333292151364, 0.9108989092289261, -0.0009761979372966377, -0.009734526270046881], [0.006861548689854138, 0.0009532760521918549, -0.883453282078132, 0.2156500853982016], [0.001096708131010091, -0.009736144689215461, -0.2156498158956271, -0.8833742445822048]]","[[ 1.         -0.05895117 -0.00752631  0.00124556]
 [-0.0589513   0.99991324 -0.00107159 -0.0106858 ]
 [ 0.00753207  0.00104643 -0.96978559  0.23672372]
 [ 0.00120388 -0.01068757 -0.23672342 -0.96969882]]","[0.0006401669356113755, 0.0005688915264036531]"
22,60,5000,7560,"[[0.9109610448594851, -0.05423199099419423, -0.007094784009636911, 0.001146355833265076], [-0.05423212429858343, 0.9108827337644307, -0.0009187605925654752, -0.009496885131388834], [0.007099922363231495, 0.0009005889564091701, -0.8841759156762021, 0.2124613242161873], [0.001107580937588239, -0.009497864444926684, -0.2124610747636313, -0.8840976050919109]]","[[ 1.00000000e+00 -5.95327224e-02 -7.78824084e-03  1.25840269e-03]
 [-5.95328687e-02  9.99914035e-01 -1.00856189e-03 -1.04251276e-02]
 [ 7.79388142e-03  9.88614125e-04 -9.70596845e-01  2.33227672e-01]
 [ 1.21583787e-03 -1.04262026e-02 -2.33227399e-01 -9.70510880e-01]]","[0.0006405066176246099, 0.0005685294113489414]"
22,60,5050,7560,"[[0.9108515289204566, -0.05482012620596477, -0.00733760333387127, 0.001159357945671181], [-0.05482027102334608, 0.9107733679856317, -0.0008672323273244747, -0.00929834163906243], [0.007342632519769222, 0.00085280025782842, -0.8847706701523441, 0.209342124734074], [0.001120001507075855, -0.009298822669097505, -0.2093418891070577, -0.8846925097068454]]","[[ 1.00000000e+00 -6.01855785e-02 -8.05576222e-03  1.27282868e-03]
 [-6.01857375e-02  9.99914189e-01 -9.52111623e-04 -1.02084054e-02]
 [ 8.06128363e-03  9.36267032e-04 -9.71366509e-01  2.29831227e-01]
 [ 1.22962027e-03 -1.02089335e-02 -2.29830969e-01 -9.71280699e-01]]","[0.0006408242316148961, 0.0005680664467788696]"
22,60,5100,7560,"[[0.9106462181494421, -0.05547638812333838, -0.007590660237512004, 0.00117415514264454], [-0.05547654205345848, 0.9105676811210843, -0.0008200123641745414, -0.009131299098850682], [0.00759558184787927, 0.0008085860455055256, -0.8852387863118375, 0.2062746675888473], [0.001134381124070162, -0.009131382870037784, -0.2062744413136018, -0.8851602497602943]]","[[ 1.00000000e+00 -6.09198029e-02 -8.33546561e-03  1.28936476e-03]
 [-6.09199719e-02  9.99913757e-01 -9.00473035e-04 -1.00272739e-02]
 [ 8.34087014e-03  8.87925552e-04 -9.72099558e-01  2.26514604e-01]
 [ 1.24568806e-03 -1.00273659e-02 -2.26514356e-01 -9.72013316e-01]]","[0.0006411234849069725, 0.0005674947031089728]"
22,60,5150,7560,"[[0.9103325165351066, -0.05621537735607368, -0.007859678357844539, 0.001191303662266873], [-0.05621553864844903, 0.9102530669567428, -0.0007760874871248998, -0.008992598686735862], [0.007864493575084501, 0.0007671059421930776, -0.8855715834214296, 0.2032391711892115], [0.001151240575400408, -0.008992361044369873, -0.2032389508192579, -0.8854921343124099]]","[[ 1.00000000e+00 -6.17525754e-02 -8.63385435e-03  1.30864672e-03]
 [-6.17527526e-02  9.99912725e-01 -8.52531875e-04 -9.87836700e-03]
 [ 8.63914386e-03  8.42665650e-04 -9.72800122e-01  2.23258169e-01]
 [ 1.26463743e-03 -9.87810595e-03 -2.23257927e-01 -9.72712847e-01]]","[0.0006414057077617384, 0.0005667961325341598]"
22,60,5200,7560,"[[0.9098931576492442, -0.0570556707899828, -0.008151026597891436, 0.001211479055517199], [-0.05705583817393139, 0.9098122026300424, -0.0007347402650178859, -0.0088818141986662], [0.008155736199353097, 0.0007277598530660012, -0.885755563324265, 0.2002133119704578], [0.001171231280786461, -0.00888131363470366, -0.2002130946840707, -0.8856746087697099]]","[[ 1.00000000e+00 -6.27059016e-02 -8.95822386e-03  1.33145199e-03]
 [-6.27060855e-02  9.99911028e-01 -8.07501693e-04 -9.76138146e-03]
 [ 8.96339986e-03  7.99830010e-04 -9.73472056e-01  2.20040463e-01]
 [ 1.28721847e-03 -9.76083132e-03 -2.20040225e-01 -9.73383085e-01]]","[0.0006416717698049973, 0.0005659469492634294]"
22,60,5250,7560,"[[0.909304537546268, -0.05802156498551297, -0.008472406779897645, 0.001235538541420679], [-0.05802173758724, 0.9092213798093451, -0.0006954035642409645, -0.008800722177675765], [0.008477011163820557, 0.0006900649757219761, -0.8857709570225771, 0.1971702994637922], [0.001195192279689237, -0.008800004432990387, -0.1971700828030651, -0.8856877997470272]]","[[ 1.00000000e+00 -6.38087270e-02 -9.31745794e-03  1.35877310e-03]
 [-6.38089168e-02  9.99908548e-01 -7.64764208e-04 -9.67852003e-03]
 [ 9.32252157e-03  7.58893140e-04 -9.74119143e-01  2.16836375e-01]
 [ 1.31440263e-03 -9.67773069e-03 -2.16836136e-01 -9.74027692e-01]]","[0.0006419221306592125, 0.0005649153662967076]"
22,60,5300,7560,"[[0.9085339378127855, -0.0591458321723623, -0.008833725526108581, 0.001264616891287497], [-0.05914600947567744, 0.9084477131493063, -0.0006575787447384547, -0.008753469745184202], [0.008838224737551156, 0.0006535838109988593, -0.8855892406890402, 0.194075852573718], [0.001224243646182231, -0.008752570882415862, -0.1940756342366738, -0.8855030164842914]]","[[ 1.00000000e+00 -6.51003003e-02 -9.72305509e-03  1.39193137e-03]
 [-6.51004954e-02  9.99905095e-01 -7.23780056e-04 -9.63471961e-03]
 [ 9.72800725e-03  7.19382935e-04 -9.74745360e-01  2.13614313e-01]
 [ 1.34749358e-03 -9.63373025e-03 -2.13614072e-01 -9.74650456e-01]]","[0.0006421568260371373, 0.0005636579237366117]"
22,60,5350,7560,"[[0.9075348989240835, -0.06047422538192221, -0.009248409549119848, 0.001300283409861277], [-0.06047440729155734, 0.9074444823489018, -0.0006207705802546773, -0.00874740242324116], [0.00925280313176753, 0.0006178750082546473, -0.8851689585481606, 0.1908831695894191], [0.001259939926080519, -0.00874634975403891, -0.1908829472721659, -0.8850785424292906]]","[[ 1.00000000e+00 -6.66357023e-02 -1.01906930e-02  1.43276409e-03]
 [-6.66359028e-02  9.99900371e-01 -6.84018412e-04 -9.63864027e-03]
 [ 1.01955342e-02  6.80827822e-04 -9.75355283e-01  2.10331492e-01]
 [ 1.38831017e-03 -9.63748035e-03 -2.10331247e-01 -9.75255655e-01]]","[0.0006423753871064949, 0.0005621134288991723]"
22,60,5400,7560,"[[0.9062391972544408, -0.06207322975760116, -0.009735600153847413, 0.001344808671440204], [-0.06207341661254834, 0.9061430483468442, -0.0005844336830755775, -0.008794872769342734], [0.009739887169524921, 0.000582424542953072, -0.8844484673535706, 0.1875239748585811], [0.00130453870323705, -0.008793687167255303, -0.187523745991436, -0.884352318899932]]","[[ 1.00000000e+00 -6.84954148e-02 -1.07428593e-02  1.48394450e-03]
 [-6.84956210e-02  9.99893903e-01 -6.44900027e-04 -9.70480288e-03]
 [ 1.07475898e-02  6.42683019e-04 -9.75954770e-01  2.06925473e-01]
 [ 1.43950814e-03 -9.70349461e-03 -2.06925221e-01 -9.75848674e-01]]","[0.0006425766602022832, 0.000560192488414488]"
22,60,5450,7560,"[[0.9045421232589337, -0.06404423812999932, -0.01032411343138276, 0.001401659870126188], [-0.06404443092613471, 0.9044380088890507, -0.0005478748805977634, -0.008917027877565408], [0.01032829208087361, 0.0005465684553190844, -0.8833326947775119, 0.1838911677077587], [0.001361490443356086, -0.008915723244769613, -0.1838909291725691, -0.8832285808593897]]","[[ 1.00000000e+00 -7.08029361e-02 -1.14136348e-02  1.54957943e-03]
 [-7.08031492e-02  9.99884898e-01 -6.05693053e-04 -9.85805707e-03]
 [ 1.14182544e-02  6.04248759e-04 -9.76552304e-01  2.03297517e-01]
 [ 1.50517086e-03 -9.85661476e-03 -2.03297253e-01 -9.76437203e-01]]","[0.0006427584443373484, 0.0005577583317811912]"
22,60,5500,7560,"[[0.9022731725822626, -0.06655173169782652, -0.01106024588239898, 0.001476488578794521], [-0.0665519324570179, 0.9021576210075215, -0.0005100956352284856, -0.009152173863911452], [0.01106431293438423, 0.0005093248259451545, -0.8816670088958657, 0.1798017823763949], [0.00143642438313186, -0.009150756822800107, -0.1798015299662905, -0.8815514577712064]]","[[ 1.00000000e+00 -7.37600693e-02 -1.22582010e-02  1.63640971e-03]
 [-7.37602918e-02  9.99871933e-01 -5.65345009e-04 -1.01434622e-02]
 [ 1.22627085e-02  5.64490712e-04 -9.77161946e-01  1.99276436e-01]
 [ 1.59200609e-03 -1.01418917e-02 -1.99276157e-01 -9.77033879e-01]]","[0.0006429167425167773, 0.0005545886610172381]"
22,60,5550,7560,"[[0.8991311643242137, -0.06988562638098661, -0.012024915586212, 0.001579342906226861], [-0.0698858390095265, 0.8989982521268904, -0.000469423585952396, -0.00957652201169958], [0.01202886499148378, 0.0004690206749408407, -0.879180103234928, 0.1749073373357832], [0.001539352618805822, -0.0095749899502552, -0.1749070646876681, -0.8790471914873306]]","[[ 1.00000000e+00 -7.77257303e-02 -1.33739281e-02  1.75652115e-03]
 [-7.77259668e-02  9.99852177e-01 -5.22085770e-04 -1.06508621e-02]
 [ 1.33783206e-02  5.21637658e-04 -9.77810733e-01  1.94529279e-01]
 [ 1.71204456e-03 -1.06491581e-02 -1.94528976e-01 -9.77662911e-01]]","[0.0006430440792468926, 0.0005502912215052859]"
22,60,5600,7560,"[[0.8945194303841499, -0.07461961618476443, -0.01337679764907978, 0.001730382920810142], [-0.07461984869603089, 0.8943575861278248, -0.0004224830960432432, -0.01036545888458364], [0.01338061672314425, 0.0004222373982086716, -0.8753419005006475, 0.1684351837420293], [0.001690365832707767, -0.01036379494089911, -0.1684348797788567, -0.87518005669678]]","[[ 1.00000000e+00 -8.34186644e-02 -1.49541723e-02  1.93442743e-03]
 [-8.34189244e-02  9.99819071e-01 -4.72301754e-04 -1.15877403e-02]
 [ 1.49584417e-02  4.72027084e-04 -9.78561081e-01  1.88296842e-01]
 [ 1.88969158e-03 -1.15858802e-02 -1.88296502e-01 -9.78380152e-01]]","[0.0006431252088104553, 0.0005440893554722107]"
22,60,5650,7560,"[[0.8870384249263571, -0.08210118400816169, -0.01548346610002629, 0.00197817481959785], [-0.08210145589010209, 0.8868193331916348, -0.0003606045766559327, -0.01203749489556285], [0.01548712127184925, 0.0003601005343315282, -0.8689468964153645, 0.1581895206554556], [0.001937867143597635, -0.01203565548253304, -0.1581891616992726, -0.8687278051433925]]","[[ 1.00000000e+00 -9.25565136e-02 -1.74552372e-02  2.23008921e-03]
 [-9.25568201e-02  9.99753008e-01 -4.06526444e-04 -1.35704323e-02]
 [ 1.74593578e-02  4.05958214e-04 -9.79604572e-01  1.78334462e-01]
 [ 2.18464848e-03 -1.35683586e-02 -1.78334058e-01 -9.79357580e-01]]","[0.0006431255819989035, 0.0005341601217880706]"
22,60,5700,7560,"[[0.8723733868057739, -0.09647317607555, -0.0194343347164307, 0.002483559975940653], [-0.09647355863593915, 0.8719837932481744, -0.0002465269214402994, -0.01719714865121441], [0.01943766857681569, 0.0002440165811781227, -0.8566490449902683, 0.1336958039794807], [0.002442265862739797, -0.01719503821993847, -0.13369531471393, -0.8562594519277148]]","[[ 1.00000000e+00 -1.10587023e-01 -2.22775419e-02  2.84690021e-03]
 [-1.10587462e-01  9.99553410e-01 -2.82593354e-04 -1.97130597e-02]
 [ 2.22813635e-02  2.79715756e-04 -9.81975216e-01  1.53255253e-01]
 [ 2.79956484e-03 -1.97106405e-02 -1.53254692e-01 -9.81528626e-01]]","[0.000642931115265962, 0.0005148910126040083]"
22,60,5750,7560,"[[0.6710731441203606, -0.2873029028425619, -0.08526978915598275, 0.01176482350129874], [-0.2873107588588839, 0.6598196373610615, 0.04799377027451378, 0.07258770616794165], [0.08525356570477674, -0.04782759154753954, -0.454876457626904, 0.3980640137114143], [0.01169031116089704, 0.07266625340791126, -0.3980474871387126, -0.4436229657449595]]","[[ 1.         -0.42812457 -0.12706482  0.01753136]
 [-0.42813628  0.98323058  0.07151794  0.10816661]
 [ 0.12704065 -0.07127031 -0.67783439  0.5931753 ]
 [ 0.01742032  0.10828366 -0.59315067 -0.661065  ]]","[0.0006359828318795736, 0.0002546717289235465]"
22,60,5800,7560,"[[0.912279425909966, -0.05902504628615757, -0.009447543399863288, 0.0006640495811747176], [-0.05902482316180035, 0.9118115212356819, 0.004814577707376727, 0.02721391453004644], [0.009450254627937459, -0.004801685540263596, -0.8619560203356511, 0.2928791012466194], [0.0006450313224498454, 0.0272166761071719, -0.2928788021286522, -0.861488115810175]]","[[ 1.00000000e+00 -6.47006220e-02 -1.03559755e-02  7.27901520e-04]
 [-6.47003774e-02  9.99487104e-01  5.27752525e-03  2.98306788e-02]
 [ 1.03589474e-02 -5.26339343e-03 -9.44837728e-01  3.21041002e-01]
 [ 7.07054554e-04  2.98337059e-02 -3.21040674e-01 -9.44324832e-01]]","[0.0006445621953951904, 0.0005662236012538742]"
22,60,5850,7560,"[[0.9243611547561845, -0.0476837431364211, -0.005902107922414813, 0.0004136537942913496], [-0.04768352963178257, 0.924189762658903, 0.002514506992547835, 0.01659752766250168], [0.005905548174931148, -0.002508974624216854, -0.8866134087939175, 0.2570603877840942], [0.0003883934834983151, 0.01659897820991429, -0.2570602547159706, -0.886442016881275]]","[[ 1.00000000e+00 -5.15856199e-02 -6.38506702e-03  4.47502356e-04]
 [-5.15853889e-02  9.99814583e-01  2.72026467e-03  1.79556741e-02]
 [ 6.38878878e-03 -2.71427960e-03 -9.59163422e-01  2.78095187e-01]
 [ 4.20175038e-04  1.79572434e-02 -2.78095043e-01 -9.58978006e-01]]","[0.0006450535453540473, 0.0005817672349529847]"
22,60,5900,7560,"[[0.9288214678537774, -0.04363865529496486, -0.004615000721314722, 0.0003306175696635412], [-0.04363848002791731, 0.9287281900336393, 0.001720878669758584, 0.01220179999216974], [0.004618534614794797, -0.001717879863871586, -0.8960513757987782, 0.2406114940112708], [0.000303272901648644, 0.01220284934038254, -0.2406114047750774, -0.8959580981859869]]","[[ 1.00000000e+00 -4.69828237e-02 -4.96866285e-03  3.55953842e-04]
 [-4.69826350e-02  9.99899574e-01  1.85275505e-03  1.31368626e-02]
 [ 4.97246756e-03 -1.84952644e-03 -9.64718632e-01  2.59050315e-01]
 [ 3.26513665e-04  1.31379924e-02 -2.59050219e-01 -9.64618206e-01]]","[0.0006453290907781034, 0.0005874114588384103]"
22,60,5950,7560,"[[0.9312923375530603, -0.04149088631485354, -0.003903010730060969, 0.0002847399958636788], [-0.0414907398579869, 0.9312323935733587, 0.001311853958583407, 0.009726225424826963], [0.003906524034044409, -0.001310248611202345, -0.9013961872444028, 0.2303629040624504], [0.0002565011200864123, 0.00972706654798868, -0.2303628353737439, -0.90133624348297]]","[[ 1.00000000e+00 -4.45519464e-02 -4.19096193e-03  3.05747169e-04]
 [-4.45517891e-02  9.99935634e-01  1.40863820e-03  1.04437941e-02]
 [ 4.19473443e-03 -1.40691441e-03 -9.67898211e-01  2.47358316e-01]
 [ 2.75424923e-04  1.04446973e-02 -2.47358242e-01 -9.67833845e-01]]","[0.0006455435019281024, 0.0005904764090905151]"
22,60,6000,7560,"[[0.932926914804618, -0.04013429334968888, -0.003428030366029733, 0.0002531933414681286], [-0.04013416824921556, 0.9328846846211443, 0.001059706299005023, 0.008114496167337339], [0.003431487026532632, -0.001059050470453962, -0.9050001309453953, 0.2229696568353124], [0.0002245828752665607, 0.008115200503589146, -0.2229696005483549, -0.9049579009847292]]","[[ 1.00000000e+00 -4.30197615e-02 -3.67448973e-03  2.71396759e-04]
 [-4.30196274e-02  9.99954734e-01  1.13589423e-03  8.69789052e-03]
 [ 3.67819491e-03 -1.13519125e-03 -9.70065411e-01  2.39000133e-01]
 [ 2.40729334e-04  8.69864549e-03 -2.39000073e-01 -9.70020145e-01]]","[0.0006457279736020755, 0.0005924613636509853]"
22,60,6050,7560,"[[0.9341178906088041, -0.03919124316423411, -0.003075454255700068, 0.0002287992568842834], [-0.03919113440029071, 0.9340863520535425, 0.0008875764062219642, 0.00697232943248307], [0.003078839183988749, -0.0008876578331286273, -0.9076785992472209, 0.2171612788450094], [0.0002001060580582668, 0.006972930398313083, -0.2171612312138375, -0.9076470609154694]]","[[ 1.00000000e+00 -4.19553501e-02 -3.29236201e-03  2.44936168e-04]
 [-4.19552337e-02  9.99966237e-01  9.50176006e-04  7.46407868e-03]
 [ 3.29598567e-03 -9.50263176e-04 -9.71695980e-01  2.32477379e-01]
 [ 2.14219276e-04  7.46472203e-03 -2.32477328e-01 -9.71662217e-01]]","[0.0006458924982034531, 0.0005938775132892167]"
22,60,6100,7560,"[[0.9350371455278975, -0.0384962219621634, -0.002795063262085679, 0.0002085601894495468], [-0.03849612609493236, 0.9350126239538635, 0.0007620664012814317, 0.00611658087780676], [0.002798368874930684, -0.0007627693332814408, -0.9097931523196077, 0.2123400988491398], [0.0001799685381430401, 0.006117096600687015, -0.2123400578350613, -0.9097686309672708]]","[[ 1.00000000e+00 -4.11707943e-02 -2.98925372e-03  2.23050165e-04]
 [-4.11706918e-02  9.99973775e-01  8.15011901e-04  6.54153785e-03]
 [ 2.99278899e-03 -8.15763670e-04 -9.73002149e-01  2.27092688e-01]
 [ 1.92472073e-04  6.54208940e-03 -2.27092644e-01 -9.72975924e-01]]","[0.0006460413007479309, 0.00059494875448126]"
22,60,6150,7560,"[[0.9357722770712706, -0.03796468142122084, -0.002561042057803103, 0.0001909797380229461], [-0.03796459601164898, 0.9357526432227614, 0.0006662348343833852, 0.005449722299574543], [0.002564263963751542, -0.0006674889307821551, -0.9115301873444036, 0.2081842682772493], [0.0001626194744055709, 0.005450163815096592, -0.2081842326342173, -0.9115105537140195]]","[[ 1.00000000e+00 -4.05704276e-02 -2.73682190e-03  2.04087835e-04]
 [-4.05703363e-02  9.99979019e-01  7.11962569e-04  5.82376977e-03]
 [ 2.74026494e-03 -7.13302742e-04 -9.74094029e-01  2.22473216e-01]
 [ 1.73781035e-04  5.82424159e-03 -2.22473178e-01 -9.74073048e-01]]","[0.0006461764046903568, 0.0005957893240069675]"
22,60,6200,7560,"[[0.9363733877320405, -0.03754919992902273, -0.002358564638270447, 0.0001752091693990399], [-0.03754912318898151, 0.9363573137474245, 0.000590531867205371, 0.004914695122279817], [0.002361699914768625, -0.000592294346344274, -0.9129967534903015, 0.2045036435913233], [0.0001471800494027998, 0.004915069326759667, -0.2045036125047648, -0.9129806797189323]]","[[ 1.00000000e+00 -4.01006697e-02 -2.51882921e-03  1.87114640e-04]
 [-4.01005877e-02  9.99982834e-01  6.30658533e-04  5.24864887e-03]
 [ 2.52217753e-03 -6.32540773e-04 -9.75034922e-01  2.18399675e-01]
 [ 1.57180940e-04  5.24904850e-03 -2.18399642e-01 -9.75017756e-01]]","[0.0006462995890757358, 0.0005964639393193597]"
22,60,6250,7560,"[[0.9368380098046385, -0.03723736865518773, -0.002178264102382147, 0.0001606710569125309], [-0.03723729924110725, 0.9368246210341742, 0.0005291453786421858, 0.004475513912532491], [0.002181310493514272, -0.0005313894317175369, -0.9142254245606065, 0.2011725954706185], [0.0001330556640123256, 0.004475825563564148, -0.2011725683767847, -0.9142120359974963]]","[[ 1.00000000e+00 -3.97479268e-02 -2.32512353e-03  1.71503563e-04]
 [-3.97478527e-02  9.99985709e-01  5.64820570e-04  4.77725484e-03]
 [ 2.32837531e-03 -5.67215918e-04 -9.75862865e-01  2.14735732e-01]
 [ 1.42026330e-04  4.77758750e-03 -2.14735703e-01 -9.75848574e-01]]","[0.0006464009817651613, 0.0005969791973954063]"
22,60,6300,7560,"[[0.9372213602581994, -0.03699266342818319, -0.002014024781472037, 0.0001470620054229792], [-0.03699260030252161, 0.9372100534882903, 0.0004783236548458589, 0.004108817076001844], [0.002016980453810304, -0.0004810316106112086, -0.9152951997215999, 0.198115817740538], [0.0001199302776122408, 0.004109069267016643, -0.1981157942279288, -0.9152838931523553]]","[[ 1.00000000e+00 -3.94705723e-02 -2.14893180e-03  1.56912776e-04]
 [-3.94705049e-02  9.99987936e-01  5.10363587e-04  4.38404122e-03]
 [ 2.15208545e-03 -5.13252931e-04 -9.76605142e-01  2.11386366e-01]
 [ 1.27963662e-04  4.38431030e-03 -2.11386341e-01 -9.76593078e-01]]","[0.0006464929873866408, 0.0005973959780855852]"
22,60,6350,7560,"[[0.9375267337545548, -0.03680283763583025, -0.001861409592111356, 0.0001341145133223003], [-0.03680277998492587, 0.9375170786499832, 0.0004355255430462032, 0.003798287217092187], [0.001864272810601825, -0.000438688219733798, -0.9162258254187403, 0.1952740758922405], [0.0001075299509856855, 0.003798481849168001, -0.1952740556576353, -0.9162161705074916]]","[[ 1.00000000e+00 -3.92552407e-02 -1.98544695e-03  1.43051402e-04]
 [-3.92551792e-02  9.99989702e-01  4.64547332e-04  4.05139084e-03]
 [ 1.98850096e-03 -4.67920758e-04 -9.77279679e-01  2.08286408e-01]
 [ 1.14695344e-04  4.05159844e-03 -2.08286387e-01 -9.77269381e-01]]","[0.0006465696653840114, 0.0005977245946520936]"
22,60,6400,7560,"[[0.9377675295319124, -0.03665954868623689, -0.001717059661430737, 0.0001216180582952881], [-0.03665949586458284, 0.9377592096516987, 0.0003989815215478115, 0.003532423231574803], [0.001719828649060852, -0.0004025939494865647, -0.9170421061889115, 0.1926074376938072], [9.56403894118254e-05, 0.00353256154745306, -0.1926074205058212, -0.9170337864941324]]","[[ 1.00000000e+00 -3.90923630e-02 -1.83100780e-03  1.29688920e-04]
 [-3.90923067e-02  9.99991128e-01  4.25458879e-04  3.76684319e-03]
 [ 1.83396054e-03 -4.29311036e-04 -9.77899189e-01  2.05389323e-01]
 [ 1.01987312e-04  3.76699068e-03 -2.05389304e-01 -9.77890317e-01]]","[0.000646634371371442, 0.0005979794750751826]"
22,60,6450,7560,"[[0.9379468935767605, -0.03655715885524036, -0.001578245201711765, 0.0001093907729988871], [-0.03655711034611142, 0.9379396702979146, 0.0003674098111332466, 0.003302830724906467], [0.001580918016858521, -0.0003714709626903976, -0.9177558447120742, 0.1900842373538545], [8.407848374964431e-05, 0.003302913380652759, -0.1900842230361163, -0.9177486216103061]]","[[ 1.00000000e+00 -3.89757236e-02 -1.68265945e-03  1.16627896e-04]
 [-3.89756719e-02  9.99992299e-01  3.91717072e-04  3.52134086e-03]
 [ 1.68550909e-03 -3.96046903e-04 -9.78473143e-01  2.02659915e-01]
 [ 8.96409854e-05  3.52142899e-03 -2.02659899e-01 -9.78465442e-01]]","[0.0006466854518201474, 0.0005981664482663643]"
22,60,6500,7560,"[[0.9380680533847898, -0.03649208029762924, -0.001442591055576637, 9.726295965389962e-05], [-0.03649203568620124, 0.9380617425461477, 0.000339864972562913, 0.003103330348442966], [0.001445165466389119, -0.0003443772811571024, -0.9183768038682555, 0.1876803835031368], [7.267556220644624e-05, 0.003103357482630792, -0.1876803719229187, -0.9183704931979199]]","[[ 1.00000000e+00 -3.89013144e-02 -1.53783198e-03  1.03684332e-04]
 [-3.89012669e-02  9.99993273e-01  3.62303109e-04  3.30821451e-03]
 [ 1.54057636e-03 -3.67113324e-04 -9.79008720e-01  2.00071181e-01]
 [ 7.74736566e-05  3.30824344e-03 -2.00071169e-01 -9.79001992e-01]]","[0.0006467226676004973, 0.0005982900369177713]"
22,60,6550,7560,"[[0.9381308399003867, -0.03646215955536936, -0.001307847104334589, 8.506119013414518e-05], [-0.03646211850959624, 0.9381252962161536, 0.0003156346341361949, 0.00292934355258015], [0.001310320460561099, -0.0003206048976673947, -0.9189099936910184, 0.1853761139960884], [6.126155722202043e-05, 0.00292931469874368, -0.1853761050591685, -0.9189044501659439]]","[[ 1.00000000e+00 -3.88668169e-02 -1.39409883e-03  9.06709241e-05]
 [-3.88667731e-02  9.99994091e-01  3.36450547e-04  3.12253198e-03]
 [ 1.39673530e-03 -3.41748596e-04 -9.79511551e-01  1.97601556e-01]
 [ 6.53017198e-05  3.12250123e-03 -1.97601547e-01 -9.79505642e-01]]","[0.0006467444774815612, 0.0005983515578881401]"
22,60,6600,7560,"[[0.9381332759679273, -0.0364664590537101, -0.001171689414438224, 7.259353386728298e-05], [-0.03646642131311389, 0.9381283821172517, 0.0002941795684491068, 0.002777539257859577], [0.001174058510283387, -0.0002996149463893245, -0.9193576290183972, 0.1831548561366431], [4.964926873184681e-05, 0.002777453755102447, -0.1831548497764401, -0.9193527353173817]]","[[ 1.00000000e+00 -3.88712990e-02 -1.24895838e-03  7.73808325e-05]
 [-3.88712588e-02  9.99994783e-01  3.13579718e-04  2.96070860e-03]
 [ 1.25148371e-03 -3.19373541e-04 -9.79986162e-01  1.95233301e-01]
 [ 5.29234705e-05  2.96061746e-03 -1.95233294e-01 -9.79980946e-01]]","[0.0006467489472346157, 0.0005983503213067364]"
22,60,6650,7560,"[[0.938072908030379, -0.03650547989215669, -0.001031483455276046, 5.962654609148054e-05], [-0.03650544525848698, 0.9380685665361258, 0.0002750904612856948, 0.002645664489035852], [0.001033744257523464, -0.0002810060625840029, -0.9197206783154762, 0.1810025600555828], [3.761502106633331e-05, 0.002645520663214011, -0.1810025562450672, -0.91971633696104]]","[[ 1.00000000e+00 -3.89153973e-02 -1.09957707e-03  6.35628058e-05]
 [-3.89153604e-02  9.99995372e-01  2.93250619e-04  2.82031862e-03]
 [ 1.10198711e-03 -2.99556740e-04 -9.80436244e-01  1.92951484e-01]
 [ 4.00981851e-05  2.82016530e-03 -1.92951480e-01 -9.80431616e-01]]","[0.0006467347811997049, 0.0005982843664496479]"
22,60,6700,7560,"[[0.9379408641035489, -0.03658041234192072, -0.0008839413381740435, 4.585536340041959e-05], [-0.0365803806780301, 0.9379369907222257, 0.0002580717552795606, 0.002532512123891158], [0.0008860887478609595, -0.0002644831752998826, -0.9199933837304829, 0.1789051246534282], [2.486543693625714e-05, 0.002532308017178479, -0.1789051233939321, -0.9199895104787886]]","[[ 1.00000000e+00 -3.90007662e-02 -9.42427579e-04  4.88893971e-05]
 [-3.90007324e-02  9.99995870e-01  2.75147150e-04  2.70007654e-03]
 [ 9.44717073e-04 -2.81982783e-04 -9.80865019e-01  1.90742435e-01]
 [ 2.65106660e-05  2.69985893e-03 -1.90742434e-01 -9.80860890e-01]]","[0.0006466968817561282, 0.0005981470159570772]"
22,60,6750,7560,"[[0.9377352216786315, -0.03669511060668962, -0.0007246491086683673, 3.085204387717191e-05], [-0.03669508184026526, 0.9377317390643786, 0.0002429313726792749, 0.002438100277668575], [0.0007266763357482425, -0.0002498640296884946, -0.9201763910333702, 0.1768506821511343], [1.099344281719106e-05, 0.002437832593900462, -0.1768506834918565, -0.9201729085381829]]","[[ 1.00000000e+00 -3.91316331e-02 -7.72765160e-04  3.29005919e-05]
 [-3.91316024e-02  9.99996286e-01  2.59061798e-04  2.59998795e-03]
 [ 7.74926993e-04 -2.66454777e-04 -9.81275279e-01  1.88593409e-01]
 [ 1.17233976e-05  2.59970249e-03 -1.88593410e-01 -9.81271565e-01]]","[0.0006466365307856529, 0.0005979344363755667]"
22,60,6800,7560,"[[0.9374383004404028, -0.03685375617622388, -0.0005469852635434532, 1.395707617263373e-05], [-0.03685373031098904, 0.9374351299176937, 0.0002296195136788073, 0.002364383540494437], [0.0005488831210854893, -0.0002371021686008297, -0.9202550302917759, 0.1748227464563478], [-4.6324235719404e-06, 0.002364048153215072, -0.1748227504961973, -0.9202518598771473]]","[[ 1.00000000e+00 -3.93132606e-02 -5.83489349e-04  1.48885278e-05]
 [-3.93132330e-02  9.99996618e-01  2.44943602e-04  2.52217510e-03]
 [ 5.85513864e-04 -2.52925626e-04 -9.81669972e-01  1.86489870e-01]
 [-4.94157703e-06  2.52181733e-03 -1.86489874e-01 -9.81666590e-01]]","[0.000646544770404501, 0.0005976321201089725]"
22,60,6850,7560,"[[0.9370310303967369, -0.03706435145028314, -0.0003400604713095683, -5.946601754007247e-06], [-0.03706432859721448, 0.9370280778492819, 0.0002183208724985849, 0.002316940632246669], [0.0003418156259458976, -0.000226395199663559, -0.9202135099648295, 0.1728017122681328], [-2.307881924201358e-05, 0.002316531281487932, -0.1728017191951042, -0.9202105575139444]]","[[ 1.00000000e+00 -3.95550950e-02 -3.62912711e-04 -6.34621647e-06]
 [-3.95550706e-02  9.99996849e-01  2.32992148e-04  2.47264024e-03]
 [ 3.64785813e-04 -2.41609074e-04 -9.82052334e-01  1.84414077e-01]
 [-2.46297278e-05  2.47220338e-03 -1.84414084e-01 -9.82049183e-01]]","[0.0006464142561065593, 0.0005972221017912865]"
22,60,6900,7560,"[[0.9364829778209433, -0.03733973580994665, -8.361414150224353e-05, -3.099366563110383e-05], [-0.03733971625936683, 0.9364801003447073, 0.0002097828735534551, 0.002309975310587718], [8.520549500688232e-05, -0.0002184981272194991, -0.9200262355727309, 0.1707565205270572], [-4.638946190118134e-05, 0.002309483358794598, -0.170756530669937, -0.9200233581807895]]","[[ 1.00000000e+00 -3.98723060e-02 -8.92852764e-05 -3.30958131e-05]
